       0        0       0       0       0      0      0      0       0    0   0M
       3        3       0       0       0      0      0      0       0    0   0M
       0        1       0       0       0      0      0      0       0    0   0M
       0        0       0       0       0      0      0      0       0    0   0M
       1        0       0       0       0      0      0      0       0    0   0M
       3        0       0       0       0      0      0      0       0    0   0M
       3        0       0       0       0      0      0      0       0    0   0M
       2        0       0       0       0      0      0      0       0    0   0M
       2        0       0       0       0      0      0      0       0    0   0M
       0        0       0       0       0      0      0      0       0    0   0M
       1        0       0       0       0      0      0      0       0    0   0M
       2        0       0       0       0      0      0      0       0    0   0M
       2        0       0       0       0      0      0      0       0    0   0M
       1        0       0       0       0      0      0      0       0    0   0M
       3        0       0       0       0      0      0      0       0    0   0M
       2        0       0       0       0      0      0      0       0    0   0M
       1        0       0       0       0      0      0      0       0    0   0M
       4        0       0       0       0      0      0      0       0    0   0M
       4        0       0       0       0      0      0      0       0    0   0M
       1        0       0       0       0      0      0      0       0    0   0M
       2        0       0       0       0      0      0      0       0    0   0M
       2        0       0       0       0      0      0      0       0    0   0M
       1        0       0       0       0      0      0      0       0    0   0M
       2        0       0       0       0      0      0      0       0    0   0M
       1        0       0       0       0      0      0      0       0    0   0M
       0        0       0       0       0      0      0      0       0    0   0M
       1        0       0       0       0      0      0      0       0    0   0M
       0        0       0       0       0      0      0      0       0    0   0M
       2        0       0       0       0      0      0      0       0    0   0M
       1        0       0       0       0      0      0      0       0    0   0M
       3        0       0       0       0      0      0      0       0    0   0M
       2        0       0       0       0      0      0      0       0    0   0M
       3        0       0       0       0      0      0      0       0    0   0M
       3        0       0       0       0      0      0      0       0    0   0M
       0        0       0       0       0      0      0      0       0    0   0M
       1        0       0       0       0      0      0      0       0    0   0M
       2        0       0       0       0      0      0      0       0    0   0M
       1        0       0       0       0      0      0      0       0    0   0M
       3        0       0       0       0      0      0      0       0    0   0M
       0        0       0       0       0      0      0      0       0    0   0M
       1        0       0       0       0      0      0      0       0    0   0M
       0        0       0       0       0      0      0      0       0    0   0M
       1        0       0       0       0      0      0      0       0    0   0M
       1        0       0       0       0      0      0      0       0    0   0M
       1        0       0       0       0      0      0      0       0    0   0M
       3        0       0       0       0      0      0      0       0    0   0M
       0        0       0       0       0      0      0      0       0    0   0M
       3        0       0       0       0      0      0      0       0    0   0M
       0        0       0       0       0      0      0      0       0    0   0M
       3        0       0       0       0      0      0      0       0    0   0M
       3        0       0       0       0      0      0      0       0    0   0M
       2        0       0       0       0      0      0      0       0    0   0M
       2        0       0       0       0      0      0      0       0    0   0M
       1        0       0       0       0      0      0      0       0    0   0M
       2        0       0       0       0      0      0      0       0    0   0M
       0        0       0       0       0      0      0      0       0    0   0M
       4        0       0       0       0      0      0      0       0    0   0M
       3        0       0       0       0      0      0      0       0    0   0M
       1        0       0       0       0      0      0      0       0    0   0M
       3        0       0       0       0      0      0      0       0    0   0M
       1        0       0       0       0      0      0      0       0    0   0M
       0        0       0       0       0      0      0      0       0    0   0M
       1        0       0       0       0      0      0      0       0    0   0M
       5        0       0       0       0      0      0      0       0    0   0M
       3        0       0       0       0      0      0      0       0    0   0M
       4        0       0       0       0      0      0      0       0    0   0M
       2        0       0       0       0      0      0      0       0    0   0M
       3        0       0       0       0      0      0      0       0    0   0M
       3        0       0       0       0      0      0      0       0    0   0M
       1        0       0       0       0      0      0      0       0    0   0M
       3        0       0       0       0      0      0      0       0    0   0M
       2        0       0       0       0      0      0      0       0    0   0M
       0        0       0       0       0      0      0      0       0    0   0M
       2        0       0       0       0      0      0      0       0    0   0M
       1        0       0       0       0      0      0      0       0    0   0M
       3        0       0       0       0      0      0      0       0    0   0M
       4        0       0       0       0      0      0      0       0    0   0M
       0        0       0       0       0      0      0      0       0    0   0M
       3        0       0       0       0      0      0      0       0    0   0M
       3        0       0       0       0      0      0      0       0    0   0M
       1        0       0       0       0      0      0      0       0    0   0M
       1        0       0       0       0      0      0      0       0    0   0M
       0        0       0       0       0      0      0      0       0    0   0M
       1        0       0       0       0      0      0      0       0    0   0M
       0        0       0       0       0      0      0      0       0    0   0M
       1        0       0       0       0      0      0      0       0    0   0M
       0        0       0       0       0      0      0      0       0    0   0M
       1        0       0       0       0      0      0      0       0    0   0M
       1        0       0       0       0      0      0      0       0    0   0M
       2        0       0       0       0      0      0      0       0    0   0M
       1        0       0       0       0      0      0      0       0    0   0M
       2        0       0       0       0      0      0      0       0    0   0M
       1        0       0       0       0      0      0      0       0    0   0M
       1        0       0       0       0      0      0      0       0    0   0M
       4        0       0       0       0      0      0      0       0    0   0M
       2        0       0       0       0      0      0      0       0    0   0M
       2        0       0       0       0      0      0      0       0    0   0M
       1        0       0       0       0      0      0      0       0    0   0M
       3        0       0       0       0      0      0      0       0    0   0M
       1        0       0       0       0      0      0      0       0    0   0M
       3        0       0       0       0      0      0      0       0    0   0M
       2        0       0       0       0      0      0      0       0    0   0M
       2        0       0       0       0      0      0      0       0    0   0M
