       0        0       0       0       0      0      0      0       0    0   0M
       3        4       0       0       1      0      0      0       0    0   0M
       0        0       0       0       0      0      0      0       0    0   0M
       0        0       0       0       0      0      0      0       0    0   0M
       8        0       0       0      12      1      0      0       0    0   0M
      10        0       0       0      18      2      0      0       0    0   0M
      10        0       0       0      11      0      0      0       0    0   0M
      11        0       0       0      15      1      0      0       0    0   0M
      15        0       0       0      15      0      0      0       0    0   0M
      10        0       0       0      32      3      0      0       0    0   0M
      18        0       0       0      29      2      0      0       0    0   0M
      13        0       0       0      16      2      0      0       0    0   0M
      14        0       0       0      11      0      0      0       0    0   0M
      12        0       0       0      39      4      0      0       0    0   0M
      12        0       0       0       8      0      0      0       0    0   0M
      13        0       0       0      15      1      0      0       0    0   0M
       9        0       0       0      17      1      0      0       0    0   0M
      14        0       0       0      35      2      0      0       0    0   0M
       7        0       0       0       7      0      0      0       0    0   0M
       7        0       0       0       2      0      0      0       0    0   0M
      11        0       0       0       3      0      0      0       0    0   0M
      13        0       0       0      17      1      0      0       0    0   0M
      12        0       0       0       9      1      0      0       0    0   0M
      12        0       0       0       8      0      0      0       0    0   0M
       8        0       0       0      10      1      0      0       0    0   0M
      11        0       0       0      37      3      0      0       0    0   0M
      12        0       0       0      17      1      0      0       0    0   0M
      10        0       0       0       1      0      0      0       0    0   0M
       9        0       0       0      25      3      0      0       0    0   0M
       9        0       0       0      14      1      0      0       0    0   0M
       7        0       0       0      12      1      0      0       0    0   0M
       9        0       0       0       3      0      0      0       0    0   0M
      10        0       0       0      14      1      0      0       0    0   0M
       8        0       0       0      12      0      0      0       0    0   0M
       9        0       0       0      32      4      0      0       0    0   0M
       8        0       0       0      16      2      0      0       0    0   0M
      11        0       0       0      12      0      0      0       0    0   0M
       9        0       0       0      16      0      0      0       0    0   0M
       9        0       0       0      16      1      0      0       0    0   0M
      13        0       0       0      43      4      0      0       0    0   0M
      10        0       0       0      25      3      0      0       0    0   0M
      12        0       0       0      18      1      0      0       0    0   0M
       9        0       0       0      13      0      0      0       0    0   0M
      14        0       0       0      14      1      0      0       0    0   0M
      11        0       0       0      17      2      0      0       0    0   0M
       7        0       0       0       7      0      0      0       0    0   0M
      15        0       0       0      18      0      0      0       0    0   0M
      11        0       0       0      22      3      0      0       0    0   0M
       5        0       0       0      17      2      0      0       0    0   0M
      13        0       0       0      23      3      0      0       0    0   0M
       4        0       0       0      17      1      0      0       0    0   0M
      12        0       0       0      11      0      0      0       0    0   0M
      14        0       0       0      26      2      0      0       0    0   0M
      10        0       0       0       9      0      0      0       0    0   0M
      10        0       0       0       6      0      0      0       0    0   0M
       9        0       0       0       7      0      0      0       0    0   0M
       9        0       0       0      21      2      0      0       0    0   0M
       8        0       0       0       8      0      0      0       0    0   0M
      14        0       0       0       3      0      0      0       0    0   0M
      13        0       0       0      25      0      0      0       0    0   0M
       9        0       0       0      13      1      0      0       0    0   0M
      12        0       0       0      10      0      0      0       0    0   0M
      13        0       0       0      14      1      0      0       0    0   0M
       9        0       0       0       3      0      0      0       0    0   0M
       6        0       0       0      13      1      0      0       0    0   0M
      10        0       0       0      16      0      0      0       0    0   0M
       7        0       0       0       5      0      0      0       0    0   0M
      13        0       0       0      17      1      0      0       0    0   0M
      13        0       0       0      13      1      0      0       0    0   0M
      11        0       0       0      18      1      0      0       0    0   0M
       7        0       0       0      15      1      0      0       0    0   0M
      20        0       0       0      34      2      0      0       0    0   0M
      14        0       0       0      22      0      0      0       0    0   0M
      10        0       0       0       3      1      0      0       0    0   0M
      11        0       0       0      27      2      0      0       0    0   0M
      11        0       0       0      16      1      0      0       0    0   0M
      11        0       0       0      11      0      0      0       0    0   0M
      14        0       0       0       9      1      0      0       0    0   0M
      14        0       0       0      19      1      0      0       0    0   0M
      11        0       0       0      10      0      0      0       0    0   0M
      15        0       0       0       4      0      0      0       0    0   0M
      11        0       0       0      18      0      0      0       0    0   0M
       3        0       0       0       4      0      0      0       0    0   0M
       9        0       0       0       5      0      0      0       0    0   0M
       6        0       0       0       7      0      0      0       0    0   0M
      14        0       0       0      25      1      0      0       0    0   0M
      12        0       0       0      24      3      0      0       0    0   0M
      13        0       0       0      37      3      0      0       0    0   0M
      15        0       0       0      19      1      0      0       0    0   0M
      12        0       0       0      24      2      0      0       0    0   0M
      15        0       0       0      10      0      0      0       0    0   0M
       5        0       0       0       6      0      0      0       0    0   0M
       9        0       0       0      12      1      0      0       0    0   0M
      11        0       0       0      17      1      0      0       0    0   0M
      13        0       0       0      30      1      0      0       0    0   0M
      12        0       0       0      13      0      0      0       0    0   0M
      15        0       0       0      34      4      0      0       0    0   0M
       3        0       0       0       9      1      0      0       0    0   0M
       8        0       0       0      13      0      0      0       0    0   0M
       8        0       0       0      19      1      0      0       0    0   0M
       7        0       0       0       6      0      0      0       0    0   0M
      16        0       0       0      28      3      0      0       0    0   0M
      12        0       0       0      12      0      0      0       0    0   0M
