       0        0       0       0       0      0      0      0       0    0   0M
       3        3       0       0       0      0      1      0       0    0   0M
       0        0       0       0       0      0      0      0       0    0   0M
       0        0       0       0       0      0      0      0       0    0   0M
       8        0       0       0       0      0      0      0       0    0   0M
      25        0       0       0       0      0      0      0       0    0   0M
      18        0       0       0       0      0      0      0       0    0   0M
      31        0       0       0       0      0      0      0       0    0   0M
      32        0       0       0       0      0      0      0       0    0   0M
      27        0       0       0       0      0      0      0       0    0   0M
      24        0       0       0       0      0      0      0       0    0   0M
      21        0       0       0       0      0      0      0       0    0   0M
      31        0       0       0       0      0      0      0       0    0   0M
      21        0       0       0       0      0      0      0       0    0   0M
      22        0       0       0       0      0      0      0       0    0   0M
      24        0       0       0       0      0      0      0       0    0   0M
      20        0       0       0       0      0      0      0       0    0   0M
      27        0       0       0       0      0      0      0       0    0   0M
      26        0       0       0       0      0      0      0       0    0   0M
      22        0       0       0       0      0      0      0       0    0   0M
      29        0       0       0       0      0      0      0       0    0   0M
      28        0       0       0       0      0      0      0       0    0   0M
      22        0       0       0       0      0      0      0       0    0   0M
      26        0       0       0       0      0      0      0       0    0   0M
      29        0       0       0       0      0      0      0       0    0   0M
      28        0       0       0       0      0      0      0       0    0   0M
      21        0       0       0       0      0      0      0       0    0   0M
      24        0       0       0       0      0      0      0       0    0   0M
      25        0       0       0       0      0      0      0       0    0   0M
      22        0       0       0       0      0      0      0       0    0   0M
      24        0       0       0       0      0      0      0       0    0   0M
      27        0       0       0       0      0      0      0       0    0   0M
      22        0       0       0       0      0      0      0       0    0   0M
      24        0       0       0       0      0      0      0       0    0   0M
      16        0       0       0       0      0      0      0       0    0   0M
      19        0       0       0       0      0      0      0       0    0   0M
      23        0       0       0       0      0      0      0       0    0   0M
      25        0       0       0       0      0      0      0       0    0   0M
      20        0       0       0       0      0      0      0       0    0   0M
      18        0       0       0       0      0      0      0       0    0   0M
      19        0       0       0       0      0      0      0       0    0   0M
      24        0       0       0       0      0      0      0       0    0   0M
      20        0       0       0       0      0      0      0       0    0   0M
      28        0       0       0       0      0      0      0       0    0   0M
      26        0       0       0       0      0      0      0       0    0   0M
      19        0       0       0       0      0      0      0       0    0   0M
      18        0       0       0       0      0      0      0       0    0   0M
      31        0       0       0       0      0      0      0       0    0   0M
      30        0       0       0       0      0      0      0       0    0   0M
      21        0       0       0       0      0      0      0       0    0   0M
      31        0       0       0       0      0      0      0       0    0   0M
      27        0       0       0       0      0      0      0       0    0   0M
      27        0       0       0       0      0      0      0       0    0   0M
      31        0       0       0       0      0      0      0       0    0   0M
      19        0       0       0       0      0      0      0       0    0   0M
      24        0       0       0       0      0      0      0       0    0   0M
      21        0       0       0       0      0      0      0       0    0   0M
      22        0       0       0       0      0      0      0       0    0   0M
      29        0       0       0       0      0      0      0       0    0   0M
      29        0       0       0       0      0      0      0       0    0   0M
      32        0       0       0       0      0      0      0       0    0   0M
      28        0       0       0       0      0      0      0       0    0   0M
      26        0       0       0       0      0      0      0       0    0   0M
      20        0       0       0       0      0      0      0       0    0   0M
      28        0       0       0       0      0      0      0       0    0   0M
      23        0       0       0       0      0      0      0       0    0   0M
      23        0       0       0       0      0      0      0       0    0   0M
      26        0       0       0       0      0      0      0       0    0   0M
      21        0       0       0       0      0      0      0       0    0   0M
      27        0       0       0       0      0      0      0       0    0   0M
      23        0       0       0       0      0      0      0       0    0   0M
      24        0       0       0       0      0      0      0       0    0   0M
      29        0       0       0       0      0      0      0       0    0   0M
      23        0       0       0       0      0      0      0       0    0   0M
      22        0       0       0       0      0      0      0       0    0   0M
      28        0       0       0       0      0      0      0       0    0   0M
      24        0       0       0       0      0      0      0       0    0   0M
      29        0       0       0       0      0      0      0       0    0   0M
      19        0       0       0       0      0      0      0       0    0   0M
      23        0       0       0       0      0      0      0       0    0   0M
      23        0       0       0       0      0      0      0       0    0   0M
      24        0       0       0       0      0      0      0       0    0   0M
      24        0       0       0       0      0      0      0       0    0   0M
      21        0       0       0       0      0      0      0       0    0   0M
      20        0       0       0       0      0      0      0       0    0   0M
      25        0       0       0       0      0      0      0       0    0   0M
      23        0       0       0       0      0      0      0       0    0   0M
      18        0       0       0       0      0      0      0       0    0   0M
      19        0       0       0       0      0      0      0       0    0   0M
      23        0       0       0       0      0      0      0       0    0   0M
      17        0       0       0       0      0      0      0       0    0   0M
      28        0       0       0       0      0      0      0       0    0   0M
      22        0       0       0       0      0      0      0       0    0   0M
      26        0       0       0       0      0      0      0       0    0   0M
      26        0       0       0       0      0      0      0       0    0   0M
      24        0       0       0       0      0      0      0       0    0   0M
      29        0       0       0       0      0      0      0       0    0   0M
      22        0       0       0       0      0      0      0       0    0   0M
      23        0       0       0       0      0      0      0       0    0   0M
      25        0       0       0       0      0      0      0       0    0   0M
      25        0       0       0       0      0      0      0       0    0   0M
      25        0       0       0       0      0      0      0       0    0   0M
      21        0       0       0       0      0      0      0       0    0   0M
