       0        0       0       0       0      0      0      0       0    0   0M
       1        1       0       0       0      0      0      0       0    0   0M
       1        1       0       0       0      0      0      0       0    0   0M
       3        3       0       0       0      0      0      0       0    0   0M
       7        0       0       0      16      2      0      0       0    0   0M
      10        0       0       0      53      7      0      0       0    0   0M
      13        0       0       0      59      8      0      0       0    0   0M
       8        0       0       0      56      7      0      0       0    0   0M
      11        0       0       0      56      8      0      0       0    0   0M
      13        0       0       0      55      7      0      0       0    0   0M
       8        0       0       0      56      8      0      0       0    0   0M
      11        0       0       0      59      9      0      0       0    0   0M
       9        0       0       0      56      7      0      0       0    0   0M
      10        0       0       0      38      4      0      0       0    0   0M
      12        0       0       0      44      4      0      0       0    0   0M
      10        0       0       0      39      6      0      0       0    0   0M
      13        0       0       0      55      7      0      0       0    0   0M
      11        0       0       0      56      7      0      0       0    0   0M
       9        0       0       0      40      4      0      0       0    0   0M
       6        0       0       0      13      1      0      0       0    0   0M
       7        0       0       0      44      5      0      0       0    0   0M
      10        0       0       0      61      9      0      0       0    0   0M
      14        0       0       0      44      5      0      0       0    0   0M
      12        0       0       0      54      7      0      0       0    0   0M
       9        0       0       0      29      3      0      0       0    0   0M
      14        0       0       0      31      2      0      0       0    0   0M
      15        0       0       0      31      3      0      0       0    0   0M
       7        0       0       0      53      7      0      0       0    0   0M
      12        0       0       0      56      8      0      0       0    0   0M
      15        0       0       0      57      8      0      0       0    0   0M
      12        0       0       0      57      8      0      0       0    0   0M
      14        0       0       0      39      5      0      0       0    0   0M
      17        0       0       0      44      6      0      0       0    0   0M
      13        0       0       0      54      6      0      0       0    0   0M
      12        0       0       0      56      8      0      0       0    0   0M
      12        0       0       0      56      7      0      0       0    0   0M
      14        0       0       0      53      7      0      0       0    0   0M
       9        0       0       0      50      6      0      0       0    0   0M
      11        0       0       0      60      8      0      0       0    0   0M
      15        0       0       0      58      8      0      0       0    0   0M
       8        0       0       0      57      8      0      0       0    0   0M
       8        0       0       0      46      5      0      0       0    0   0M
      10        0       0       0      54      7      0      0       0    0   0M
      11        0       0       0      55      8      0      0       0    0   0M
      12        0       0       0      57      7      0      0       0    0   0M
      10        0       0       0      60      8      0      0       0    0   0M
       9        0       0       0      35      4      0      0       0    0   0M
      15        0       0       0      32      3      0      0       0    0   0M
      13        0       0       0      30      4      0      0       0    0   0M
      11        0       0       0      34      5      0      0       0    0   0M
       7        0       0       0      47      6      0      0       0    0   0M
      11        0       0       0      49      5      0      0       0    0   0M
      12        0       0       0      18      1      0      0       0    0   0M
       8        0       0       0      41      4      0      0       0    0   0M
       8        0       0       0      57      8      0      0       0    0   0M
      13        0       0       0      56      7      0      0       0    0   0M
      12        0       0       0      59      8      0      0       0    0   0M
       7        0       0       0      57      8      0      0       0    0   0M
      11        0       0       0      37      5      0      0       0    0   0M
      15        0       0       0      59      8      0      0       0    0   0M
       8        0       0       0      32      5      0      0       0    0   0M
      12        0       0       0      39      4      0      0       0    0   0M
       7        0       0       0      60      9      0      0       0    0   0M
      10        0       0       0      54      7      0      0       0    0   0M
      17        0       0       0      59      8      0      0       0    0   0M
      11        0       0       0      53      6      0      0       0    0   0M
       9        0       0       0      57      7      0      0       0    0   0M
      14        0       0       0      56      8      0      0       0    0   0M
       9        0       0       0      25      3      0      0       0    0   0M
      10        0       0       0      54      7      0      0       0    0   0M
      10        0       0       0      56      6      0      0       0    0   0M
      11        0       0       0      54      8      0      0       0    0   0M
       9        0       0       0      56      8      0      0       0    0   0M
      12        0       0       0      57      7      0      0       0    0   0M
      11        0       0       0      60      9      0      0       0    0   0M
      12        0       0       0      59      8      0      0       0    0   0M
       8        0       0       0      50      5      0      0       0    0   0M
      13        0       0       0      51      5      0      0       0    0   0M
      12        0       0       0      39      4      0      0       0    0   0M
      14        0       0       0      51      7      0      0       0    0   0M
      10        0       0       0      58      8      0      0       0    0   0M
       9        0       0       0      58      7      0      0       0    0   0M
      11        0       0       0      56      6      0      0       0    0   0M
      11        0       0       0      60      9      0      0       0    0   0M
      15        0       0       0      21      2      0      0       0    0   0M
      18        0       0       0      36      3      0      0       0    0   0M
      11        0       0       0      59      8      0      0       0    0   0M
      12        0       0       0      56      8      0      0       0    0   0M
       9        0       0       0      57      7      0      0       0    0   0M
      12        0       0       0      58      8      0      0       0    0   0M
      11        0       0       0      57      8      0      0       0    0   0M
       8        0       0       0      57      8      0      0       0    0   0M
      10        0       0       0      55      5      0      0       0    0   0M
      12        0       0       0      58      9      0      0       0    0   0M
      14        0       0       0      23      2      0      0       0    0   0M
       9        0       0       0      54      8      0      0       0    0   0M
       9        0       0       0      57      8      0      0       0    0   0M
      10        0       0       0      58      7      0      0       0    0   0M
       8        0       0       0      46      5      0      0       0    0   0M
      14        0       0       0      39      5      0      0       0    0   0M
      11        0       0       0      58      8      0      0       0    0   0M
      11        0       0       0      56      8      0      0       0    0   0M
       9        0       0       0      30      4      0      0       0    0   0M
