       0        0       0       0       0      0      0      0       0    0   0M
       3        4       0       0       0      0      0      0       0    0   0M
       0        0       0       0       0      0      0      0       0    0   0M
       0        0       0       0       0      0      0      0       0    0   0M
       8        0       0       0       0      0      0      0       0    0   0M
      11        0       0       0      20      2      0      0       0    0   0M
       7        0       0       0      52      7      0      0       0    0   0M
      11        0       0       0      59      7      0      0       0    0   0M
       8        0       0       0      53      8      0      0       0    0   0M
       6        0       0       0      47      6      0      0       0    0   0M
       9        0       0       0       5      0      0      0       0    0   0M
       7        0       0       0      13      0      0      0       0    0   0M
      12        0       0       0      54      7      0      0       0    0   0M
       9        0       0       0      58      8      0      0       0    0   0M
      10        0       0       0      30      3      0      0       0    0   0M
      11        0       0       0      50      7      0      0       0    0   0M
      13        0       0       0      49      7      0      0       0    0   0M
      13        0       0       0      51      6      0      0       0    0   0M
      12        0       0       0      32      2      0      0       0    0   0M
       5        0       0       0      16      2      0      0       0    0   0M
       8        0       0       0      23      3      0      0       0    0   0M
       9        0       0       0      17      1      0      0       0    0   0M
      13        0       0       0      59      7      0      0       0    0   0M
      11        0       0       0      55      8      0      0       0    0   0M
      12        0       0       0      33      4      0      0       0    0   0M
      10        0       0       0      12      2      0      0       0    0   0M
      12        0       0       0      24      2      0      0       0    0   0M
      10        0       0       0       3      0      0      0       0    0   0M
      14        0       0       0      26      2      0      0       0    0   0M
      10        0       0       0      21      3      0      0       0    0   0M
      11        0       0       0      14      1      0      0       0    0   0M
       8        0       0       0       4      0      0      0       0    0   0M
      12        0       0       0       5      0      0      0       0    0   0M
      15        0       0       0      14      0      0      0       0    0   0M
       8        0       0       0      16      1      0      0       0    0   0M
       5        0       0       0      25      3      0      0       0    0   0M
       7        0       0       0      39      5      0      0       0    0   0M
      10        0       0       0      32      3      0      0       0    0   0M
      12        0       0       0      27      3      0      0       0    0   0M
       8        0       0       0      47      4      0      0       0    0   0M
      11        0       0       0      37      5      0      0       0    0   0M
      15        0       0       0      31      4      0      0       0    0   0M
       9        0       0       0      37      5      0      0       0    0   0M
      10        0       0       0      29      3      0      0       0    0   0M
      10        0       0       0      41      6      0      0       0    0   0M
       9        0       0       0      58      8      0      0       0    0   0M
       6        0       0       0      41      6      0      0       0    0   0M
      13        0       0       0      37      4      0      0       0    0   0M
      12        0       0       0      20      2      0      0       0    0   0M
      10        0       0       0      32      4      0      0       0    0   0M
       6        0       0       0      11      0      0      0       0    0   0M
      13        0       0       0      54      7      0      0       0    0   0M
      14        0       0       0      55      7      0      0       0    0   0M
      14        0       0       0      16      1      0      0       0    0   0M
       9        0       0       0      44      6      0      0       0    0   0M
      11        0       0       0      50      7      0      0       0    0   0M
       7        0       0       0      19      2      0      0       0    0   0M
       6        0       0       0      39      5      0      0       0    0   0M
      11        0       0       0      19      2      0      0       0    0   0M
       5        0       0       0      12      1      0      0       0    0   0M
      11        0       0       0      46      6      0      0       0    0   0M
      18        0       0       0      37      4      0      0       0    0   0M
      11        0       0       0      48      5      0      0       0    0   0M
      11        0       0       0      40      5      0      0       0    0   0M
      11        0       0       0      60      8      0      0       0    0   0M
       9        0       0       0      56      7      0      0       0    0   0M
      13        0       0       0      34      5      0      0       0    0   0M
       8        0       0       0      15      2      0      0       0    0   0M
      14        0       0       0      40      4      0      0       0    0   0M
      13        0       0       0      21      2      0      0       0    0   0M
      10        0       0       0       3      0      0      0       0    0   0M
       8        0       0       0      16      1      0      0       0    0   0M
       9        0       0       0      31      3      0      0       0    0   0M
      13        0       0       0      49      6      0      0       0    0   0M
      10        0       0       0      32      4      0      0       0    0   0M
      10        0       0       0      44      5      0      0       0    0   0M
       9        0       0       0      52      7      0      0       0    0   0M
      10        0       0       0      16      2      0      0       0    0   0M
       8        0       0       0      12      0      0      0       0    0   0M
       6        0       0       0      28      4      0      0       0    0   0M
       8        0       0       0      38      5      0      0       0    0   0M
      11        0       0       0      32      3      0      0       0    0   0M
       5        0       0       0      25      4      0      0       0    0   0M
      13        0       0       0      52      6      0      0       0    0   0M
      11        0       0       0      31      3      0      0       0    0   0M
      11        0       0       0      21      2      0      0       0    0   0M
      12        0       0       0      20      2      0      0       0    0   0M
      13        0       0       0      15      0      0      0       0    0   0M
      10        0       0       0      32      5      0      0       0    0   0M
      12        0       0       0      45      5      0      0       0    0   0M
      12        0       0       0      40      3      0      0       0    0   0M
      10        0       0       0      34      3      0      0       0    0   0M
      13        0       0       0      35      3      0      0       0    0   0M
      13        0       0       0      49      6      0      0       0    0   0M
      13        0       0       0      57      8      0      0       0    0   0M
      11        0       0       0      13      0      0      0       0    0   0M
      10        0       0       0      44      6      0      0       0    0   0M
      11        0       0       0      50      7      0      0       0    0   0M
       9        0       0       0      56      7      0      0       0    0   0M
       9        0       0       0      31      4      0      0       0    0   0M
      10        0       0       0      18      1      0      0       0    0   0M
      10        0       0       0      33      3      0      0       0    0   0M
       9        0       0       0      17      1      0      0       0    0   0M
