       0        0       0       0       0      0      0      0       0    0   0M
       3        3       0       0       0      0      0      0       0    0   0M
       0        1       0       0       0      0      0      0       0    0   0M
       0        0       0       0       0      0      0      0       0    0   0M
      40        0       0       0       0      0      0      0       0    0   0M
      82        0       0       0       0      0      0      0       0    0   0M
      82        0       0       0       0      0      0      0       0    0   0M
      81        0       0       0       0      0      0      0       0    0   0M
      82        0       0       0       0      0      0      0       0    0   0M
      81        0       0       0       0      0      0      0       0    0   0M
      82        0       0       0       0      0      0      0       0    0   0M
      82        0       0       0       0      0      0      0       0    0   0M
      82        0       0       0       0      0      0      0       0    0   0M
      81        0       0       0       0      0      0      0       0    0   0M
      82        0       0       0       0      0      0      0       0    0   0M
      82        0       0       0       0      0      0      0       0    0   0M
      81        0       0       0       0      0      0      0       0    0   0M
      82        0       0       0       0      0      0      0       0    0   0M
      82        0       0       0       0      0      0      0       0    0   0M
      81        0       0       0       0      0      0      0       0    0   0M
      82        0       0       0       0      0      0      0       0    0   0M
      81        0       0       0       0      0      0      0       0    0   0M
      82        0       0       0       0      0      0      0       0    0   0M
      82        0       0       0       0      0      0      0       0    0   0M
      81        0       0       0       0      0      0      0       0    0   0M
      82        0       0       0       0      0      0      0       0    0   0M
      82        0       0       0       0      0      0      0       0    0   0M
      82        0       0       0       0      0      0      0       0    0   0M
      81        0       0       0       0      0      0      0       0    0   0M
      82        0       0       0       0      0      0      0       0    0   0M
      82        0       0       0       0      0      0      0       0    0   0M
      82        0       0       0       0      0      0      0       0    0   0M
      81        0       0       0       0      0      0      0       0    0   0M
      82        0       0       0       0      0      0      0       0    0   0M
      82        0       0       0       0      0      0      0       0    0   0M
      81        0       0       0       0      0      0      0       0    0   0M
      82        0       0       0       0      0      0      0       0    0   0M
      82        0       0       0       0      0      0      0       0    0   0M
      81        0       0       0       0      0      0      0       0    0   0M
      82        0       0       0       0      0      0      0       0    0   0M
      82        0       0       0       0      0      0      0       0    0   0M
      81        0       0       0       0      0      0      0       0    0   0M
      82        0       0       0       0      0      0      0       0    0   0M
      82        0       0       0       0      0      0      0       0    0   0M
      81        0       0       0       0      0      0      0       0    0   0M
      82        0       0       0       0      0      0      0       0    0   0M
      82        0       0       0       0      0      0      0       0    0   0M
      81        0       0       0       0      0      0      0       0    0   0M
      82        0       0       0       0      0      0      0       0    0   0M
      82        0       0       0       0      0      0      0       0    0   0M
      81        0       0       0       0      0      0      0       0    0   0M
      82        0       0       0       0      0      0      0       0    0   0M
      82        0       0       0       0      0      0      0       0    0   0M
      81        0       0       0       0      0      0      0       0    0   0M
      82        0       0       0       0      0      0      0       0    0   0M
      82        0       0       0       0      0      0      0       0    0   0M
      82        0       0       0       0      0      0      0       0    0   0M
      81        0       0       0       0      0      0      0       0    0   0M
      81        0       0       0       0      0      0      0       0    0   0M
      82        0       0       0       0      0      0      0       0    0   0M
      82        0       0       0       0      0      0      0       0    0   0M
      81        0       0       0       0      0      0      0       0    0   0M
      82        0       0       0       0      0      0      0       0    0   0M
      82        0       0       0       0      0      0      0       0    0   0M
      81        0       0       0       0      0      0      0       0    0   0M
      82        0       0       0       0      0      0      0       0    0   0M
      81        0       0       0       0      0      0      0       0    0   0M
      82        0       0       0       0      0      0      0       0    0   0M
      81        0       0       0       0      0      0      0       0    0   0M
      82        0       0       0       0      0      0      0       0    0   0M
      82        0       0       0       0      0      0      0       0    0   0M
      82        0       0       0       0      0      0      0       0    0   0M
      81        0       0       0       0      0      0      0       0    0   0M
      82        0       0       0       0      0      0      0       0    0   0M
      82        0       0       0       0      0      0      0       0    0   0M
      81        0       0       0       0      0      0      0       0    0   0M
      82        0       0       0       0      0      0      0       0    0   0M
      82        0       0       0       0      0      0      0       0    0   0M
      82        0       0       0       0      0      0      0       0    0   0M
      82        0       0       0       0      0      0      0       0    0   0M
      81        0       0       0       0      0      0      0       0    0   0M
      82        0       0       0       0      0      0      0       0    0   0M
      81        0       0       0       0      0      0      0       0    0   0M
      82        0       0       0       0      0      0      0       0    0   0M
      82        0       0       0       0      0      0      0       0    0   0M
      81        0       0       0       0      0      0      0       0    0   0M
      82        0       0       0       0      0      0      0       0    0   0M
      82        0       0       0       0      0      0      0       0    0   0M
      81        0       0       0       0      0      0      0       0    0   0M
      82        0       0       0       0      0      0      0       0    0   0M
      82        0       0       0       0      0      0      0       0    0   0M
      82        0       0       0       0      0      0      0       0    0   0M
      81        0       0       0       0      0      0      0       0    0   0M
      82        0       0       0       0      0      0      0       0    0   0M
      81        0       0       0       0      0      0      0       0    0   0M
      82        0       0       0       0      0      0      0       0    0   0M
      82        0       0       0       0      0      0      0       0    0   0M
      81        0       0       0       0      0      0      0       0    0   0M
      82        0       0       0       0      0      0      0       0    0   0M
      81        0       0       0       0      0      0      0       0    0   0M
      82        0       0       0       0      0      0      0       0    0   0M
      81        0       0       0       0      0      0      0       0    0   0M
      82        0       0       0       0      0      0      0       0    0   0M
