       0        0       0       0       0      0      0      0       0    0   0M
       1        1       0       0       0      0      0      0       0    0   0M
       3        4       0       0       0      0      0      0       0    0   0M
       0        0       0       0       0      0      0      0       0    0   0M
      10        0       0       0      10      0      0      0       0    0   0M
      12        0       0       0       7      0      0      0       0    0   0M
      11        0       0       0      35      4      0      0       0    0   0M
       8        0       0       0      48      5      0      0       0    0   0M
      11        0       0       0      55      6      0      0       0    0   0M
       5        0       0       0      44      7      0      0       0    0   0M
      11        0       0       0      21      2      0      0       0    0   0M
      10        0       0       0       2      0      0      0       0    0   0M
       8        0       0       0      16      0      0      0       0    0   0M
      10        0       0       0      41      4      0      0       0    0   0M
      12        0       0       0      44      4      0      0       0    0   0M
      11        0       0       0      10      0      0      0       0    0   0M
      12        0       0       0      36      4      0      0       0    0   0M
      15        0       0       0      41      5      0      0       0    0   0M
      12        0       0       0      29      2      0      0       0    0   0M
      10        0       0       0      33      5      0      0       0    0   0M
      11        0       0       0      15      0      0      0       0    0   0M
      16        0       0       0      26      1      0      0       0    0   0M
      14        0       0       0      57      7      0      0       0    0   0M
      11        0       0       0      53      5      0      0       0    0   0M
      13        0       0       0       8      1      0      0       0    0   0M
      10        0       0       0      15      1      0      0       0    0   0M
      14        0       0       0      19      0      0      0       0    0   0M
       8        0       0       0       7      0      0      0       0    0   0M
       8        0       0       0      18      2      0      0       0    0   0M
      11        0       0       0      18      1      0      0       0    0   0M
       6        0       0       0      10      1      0      0       0    0   0M
      10        0       0       0      14      2      0      0       0    0   0M
       7        0       0       0       5      0      0      0       0    0   0M
       9        0       0       0       7      0      0      0       0    0   0M
      15        0       0       0       8      0      0      0       0    0   0M
       9        0       0       0      25      2      0      0       0    0   0M
      11        0       0       0      30      0      0      0       0    0   0M
      10        0       0       0      31      4      0      0       0    0   0M
      13        0       0       0      17      2      0      0       0    0   0M
       6        0       0       0      19      1      0      0       0    0   0M
       9        0       0       0      17      2      0      0       0    0   0M
      12        0       0       0      50      6      0      0       0    0   0M
      12        0       0       0      28      3      0      0       0    0   0M
      12        0       0       0      31      3      0      0       0    0   0M
       9        0       0       0      12      0      0      0       0    0   0M
      17        0       0       0      54      6      0      0       0    0   0M
      18        0       0       0      58      8      0      0       0    0   0M
      10        0       0       0      34      5      0      0       0    0   0M
      16        0       0       0      33      3      0      0       0    0   0M
       8        0       0       0      17      0      0      0       0    0   0M
      12        0       0       0      21      3      0      0       0    0   0M
      13        0       0       0      40      5      0      0       0    0   0M
      12        0       0       0      45      4      0      0       0    0   0M
      11        0       0       0      28      2      0      0       0    0   0M
       9        0       0       0      32      4      0      0       0    0   0M
       8        0       0       0      45      6      0      0       0    0   0M
      15        0       0       0      34      3      0      0       0    0   0M
      13        0       0       0      31      2      0      0       0    0   0M
      14        0       0       0      20      2      0      0       0    0   0M
       8        0       0       0      12      0      0      0       0    0   0M
      11        0       0       0      36      4      0      0       0    0   0M
       9        0       0       0      58      8      0      0       0    0   0M
      10        0       0       0      58      8      0      0       0    0   0M
      10        0       0       0      38      5      0      0       0    0   0M
      13        0       0       0      44      5      0      0       0    0   0M
      10        0       0       0      58      9      0      0       0    0   0M
       9        0       0       0      55      6      0      0       0    0   0M
      15        0       0       0      12      1      0      0       0    0   0M
      11        0       0       0      21      1      0      0       0    0   0M
      12        0       0       0       8      0      0      0       0    0   0M
       8        0       0       0      11      1      0      0       0    0   0M
      10        0       0       0      22      2      0      0       0    0   0M
      11        0       0       0       5      1      0      0       0    0   0M
      13        0       0       0      19      1      0      0       0    0   0M
       9        0       0       0      20      2      0      0       0    0   0M
       8        0       0       0      21      1      0      0       0    0   0M
      15        0       0       0      57      7      0      0       0    0   0M
      11        0       0       0      34      3      0      0       0    0   0M
      15        0       0       0      19      1      0      0       0    0   0M
      15        0       0       0      17      1      0      0       0    0   0M
      11        0       0       0      47      6      0      0       0    0   0M
      17        0       0       0      20      2      0      0       0    0   0M
      13        0       0       0       2      0      0      0       0    0   0M
      12        0       0       0      33      2      0      0       0    0   0M
      10        0       0       0      55      7      0      0       0    0   0M
      10        0       0       0      19      1      0      0       0    0   0M
      11        0       0       0      14      1      0      0       0    0   0M
       9        0       0       0       8      0      0      0       0    0   0M
      13        0       0       0      35      2      0      0       0    0   0M
      11        0       0       0      39      4      0      0       0    0   0M
      16        0       0       0      34      4      0      0       0    0   0M
      11        0       0       0      38      3      0      0       0    0   0M
      16        0       0       0      53      7      0      0       0    0   0M
      10        0       0       0      55      7      0      0       0    0   0M
       9        0       0       0      28      4      0      0       0    0   0M
      14        0       0       0      30      3      0      0       0    0   0M
       6        0       0       0      31      4      0      0       0    0   0M
      17        0       0       0      36      3      0      0       0    0   0M
      11        0       0       0      17      1      0      0       0    0   0M
      13        0       0       0      19      2      0      0       0    0   0M
       8        0       0       0       5      0      0      0       0    0   0M
      14        0       0       0      39      5      0      0       0    0   0M
      15        0       0       0      22      1      0      0       0    0   0M
