       0        0       0       0       0      0      0      0       0    0   0M
       2        2       0       0       1      0      0      0       0    0   0M
       1        2       0       0       0      0      0      0       0    0   0M
       0        0       0       0       0      0      0      0       0    0   0M
       4        0       0       0      13      1      0      0       0    0   0M
      14        0       0       0      54      5      0      0       0    0   0M
      14        0       0       0      56      7      0      0       0    0   0M
       8        0       0       0      58      8      0      0       0    0   0M
      12        0       0       0      56      6      0      0       0    0   0M
       9        0       0       0      58      7      0      0       0    0   0M
      10        0       0       0      57      7      0      0       0    0   0M
      18        0       0       0      56      7      0      0       0    0   0M
      11        0       0       0      57      7      0      0       0    0   0M
      13        0       0       0      43      5      0      0       0    0   0M
      13        0       0       0      44      6      0      0       0    0   0M
      11        0       0       0      44      5      0      0       0    0   0M
       9        0       0       0      50      7      0      0       0    0   0M
      10        0       0       0      59      8      0      0       0    0   0M
      13        0       0       0      49      6      0      0       0    0   0M
      13        0       0       0       4      0      0      0       0    0   0M
      13        0       0       0      33      3      0      0       0    0   0M
      12        0       0       0      53      7      0      0       0    0   0M
      10        0       0       0      54      5      0      0       0    0   0M
      11        0       0       0      55      7      0      0       0    0   0M
      10        0       0       0      33      1      0      0       0    0   0M
      10        0       0       0      26      3      0      0       0    0   0M
      15        0       0       0      30      3      0      0       0    0   0M
       7        0       0       0      45      6      0      0       0    0   0M
       9        0       0       0      39      5      0      0       0    0   0M
      12        0       0       0      59      9      0      0       0    0   0M
       6        0       0       0      52      6      0      0       0    0   0M
      10        0       0       0      49      6      0      0       0    0   0M
       6        0       0       0      19      1      0      0       0    0   0M
      12        0       0       0      46      6      0      0       0    0   0M
       6        0       0       0      55      8      0      0       0    0   0M
      11        0       0       0      50      7      0      0       0    0   0M
       9        0       0       0      54      7      0      0       0    0   0M
       5        0       0       0      29      3      0      0       0    0   0M
      13        0       0       0      53      8      0      0       0    0   0M
       7        0       0       0      55      8      0      0       0    0   0M
       9        0       0       0      53      6      0      0       0    0   0M
      10        0       0       0      38      5      0      0       0    0   0M
      12        0       0       0      56      8      0      0       0    0   0M
      15        0       0       0      59      8      0      0       0    0   0M
      10        0       0       0      57      8      0      0       0    0   0M
      10        0       0       0      58      9      0      0       0    0   0M
      10        0       0       0      35      4      0      0       0    0   0M
      10        0       0       0      25      1      0      0       0    0   0M
      13        0       0       0      35      4      0      0       0    0   0M
       5        0       0       0      27      3      0      0       0    0   0M
      10        0       0       0      46      6      0      0       0    0   0M
      11        0       0       0      52      6      0      0       0    0   0M
      16        0       0       0      28      2      0      0       0    0   0M
      10        0       0       0      33      4      0      0       0    0   0M
      11        0       0       0      57      7      0      0       0    0   0M
      13        0       0       0      55      8      0      0       0    0   0M
      11        0       0       0      58      8      0      0       0    0   0M
      12        0       0       0      57      8      0      0       0    0   0M
       5        0       0       0      21      1      0      0       0    0   0M
       8        0       0       0      35      5      0      0       0    0   0M
      12        0       0       0      41      5      0      0       0    0   0M
      19        0       0       0      37      4      0      0       0    0   0M
      12        0       0       0      54      8      0      0       0    0   0M
      12        0       0       0      50      7      0      0       0    0   0M
      11        0       0       0      57      8      0      0       0    0   0M
       9        0       0       0      56      8      0      0       0    0   0M
      12        0       0       0      54      7      0      0       0    0   0M
       6        0       0       0      52      8      0      0       0    0   0M
      15        0       0       0      32      3      0      0       0    0   0M
       9        0       0       0      56      7      0      0       0    0   0M
       8        0       0       0      41      5      0      0       0    0   0M
       9        0       0       0      46      5      0      0       0    0   0M
      10        0       0       0      57      7      0      0       0    0   0M
      14        0       0       0      58      8      0      0       0    0   0M
       8        0       0       0      58      9      0      0       0    0   0M
      14        0       0       0      59      8      0      0       0    0   0M
       5        0       0       0      46      5      0      0       0    0   0M
      14        0       0       0      54      7      0      0       0    0   0M
      13        0       0       0      47      6      0      0       0    0   0M
       8        0       0       0      47      5      0      0       0    0   0M
       9        0       0       0      44      7      0      0       0    0   0M
      13        0       0       0      57      8      0      0       0    0   0M
      11        0       0       0      56      7      0      0       0    0   0M
       7        0       0       0      57      8      0      0       0    0   0M
      11        0       0       0      35      3      0      0       0    0   0M
       6        0       0       0      30      3      0      0       0    0   0M
       8        0       0       0      53      7      0      0       0    0   0M
      13        0       0       0      54      7      0      0       0    0   0M
      16        0       0       0      60      8      0      0       0    0   0M
      10        0       0       0      57      8      0      0       0    0   0M
      14        0       0       0      54      8      0      0       0    0   0M
      11        0       0       0      58      7      0      0       0    0   0M
      11        0       0       0      56      8      0      0       0    0   0M
       8        0       0       0      57      8      0      0       0    0   0M
      12        0       0       0      35      2      0      0       0    0   0M
      12        0       0       0      44      6      0      0       0    0   0M
      10        0       0       0      57      7      0      0       0    0   0M
      13        0       0       0      55      6      0      0       0    0   0M
      14        0       0       0      55      7      0      0       0    0   0M
       6        0       0       0      21      3      0      0       0    0   0M
      12        0       0       0      56      7      0      0       0    0   0M
       6        0       0       0      45      6      0      0       0    0   0M
      13        0       0       0      32      2      0      0       0    0   0M
