       0        0       0       0       0      0      0      0       0    0   0M
       3        4       0       0       0      0      0      0       0    0   0M
       0        0       0       0       0      0      0      0       0    0   0M
       0        0       0       0       0      0      0      0       0    0   0M
       5        0       0       0       1      0      0      0       0    0   0M
       9        0       0       0      18      2      0      0       0    0   0M
       8        0       0       0      17      1      0      0       0    0   0M
      11        0       0       0      13      1      0      0       0    0   0M
      10        0       0       0      12      1      0      0       0    0   0M
       7        0       0       0      35      4      0      0       0    0   0M
      14        0       0       0      26      2      0      0       0    0   0M
      14        0       0       0      49      7      0      0       0    0   0M
       9        0       0       0       9      1      0      0       0    0   0M
      12        0       0       0      24      2      0      0       0    0   0M
      14        0       0       0      18      0      0      0       0    0   0M
      10        0       0       0      32      3      0      0       0    0   0M
      15        0       0       0      41      4      0      0       0    0   0M
      10        0       0       0      27      2      0      0       0    0   0M
       5        0       0       0      31      3      0      0       0    0   0M
      13        0       0       0      56      7      0      0       0    0   0M
      13        0       0       0      37      4      0      0       0    0   0M
      11        0       0       0      16      1      0      0       0    0   0M
      14        0       0       0      30      2      0      0       0    0   0M
      10        0       0       0      32      3      0      0       0    0   0M
       8        0       0       0      22      1      0      0       0    0   0M
      16        0       0       0      57      7      0      0       0    0   0M
      12        0       0       0      39      5      0      0       0    0   0M
       9        0       0       0      12      1      0      0       0    0   0M
       9        0       0       0       9      0      0      0       0    0   0M
      13        0       0       0      24      2      0      0       0    0   0M
       9        0       0       0      55      7      0      0       0    0   0M
      12        0       0       0      32      3      0      0       0    0   0M
      13        0       0       0      36      4      0      0       0    0   0M
       6        0       0       0      41      6      0      0       0    0   0M
      14        0       0       0      48      5      0      0       0    0   0M
      10        0       0       0      43      4      0      0       0    0   0M
       8        0       0       0      21      1      0      0       0    0   0M
      12        0       0       0      18      2      0      0       0    0   0M
      10        0       0       0      37      4      0      0       0    0   0M
      12        0       0       0      42      5      0      0       0    0   0M
       6        0       0       0      34      5      0      0       0    0   0M
      13        0       0       0       9      2      0      0       0    0   0M
      11        0       0       0      12      0      0      0       0    0   0M
      19        0       0       0      37      4      0      0       0    0   0M
      10        0       0       0      53      6      0      0       0    0   0M
      15        0       0       0      13      0      0      0       0    0   0M
      10        0       0       0      34      3      0      0       0    0   0M
      11        0       0       0      55      8      0      0       0    0   0M
      10        0       0       0      22      2      0      0       0    0   0M
       8        0       0       0       9      1      0      0       0    0   0M
       8        0       0       0      12      1      0      0       0    0   0M
      11        0       0       0      28      2      0      0       0    0   0M
      10        0       0       0      36      4      0      0       0    0   0M
      10        0       0       0      40      5      0      0       0    0   0M
       8        0       0       0      40      5      0      0       0    0   0M
      11        0       0       0       3      0      0      0       0    0   0M
      15        0       0       0      13      1      0      0       0    0   0M
       8        0       0       0      11      1      0      0       0    0   0M
       8        0       0       0      28      3      0      0       0    0   0M
       9        0       0       0      34      3      0      0       0    0   0M
       7        0       0       0      38      4      0      0       0    0   0M
      12        0       0       0      38      5      0      0       0    0   0M
       9        0       0       0      24      3      0      0       0    0   0M
      15        0       0       0      45      5      0      0       0    0   0M
       7        0       0       0      22      3      0      0       0    0   0M
       7        0       0       0      55      7      0      0       0    0   0M
      14        0       0       0      47      7      0      0       0    0   0M
       8        0       0       0      35      5      0      0       0    0   0M
      10        0       0       0      46      5      0      0       0    0   0M
      12        0       0       0      59      8      0      0       0    0   0M
       8        0       0       0      28      3      0      0       0    0   0M
       8        0       0       0      11      0      0      0       0    0   0M
       6        0       0       0      35      5      0      0       0    0   0M
       8        0       0       0      47      5      0      0       0    0   0M
       7        0       0       0      15      1      0      0       0    0   0M
       8        0       0       0      39      4      0      0       0    0   0M
      14        0       0       0      25      1      0      0       0    0   0M
      13        0       0       0      32      4      0      0       0    0   0M
       5        0       0       0      34      5      0      0       0    0   0M
       9        0       0       0      41      5      0      0       0    0   0M
      14        0       0       0       2      0      0      0       0    0   0M
       9        0       0       0       5      0      0      0       0    0   0M
       9        0       0       0      18      0      0      0       0    0   0M
      11        0       0       0      24      2      0      0       0    0   0M
      12        0       0       0      35      5      0      0       0    0   0M
      13        0       0       0      16      1      0      0       0    0   0M
      12        0       0       0      27      2      0      0       0    0   0M
      12        0       0       0      40      5      0      0       0    0   0M
      10        0       0       0      60      8      0      0       0    0   0M
       8        0       0       0      19      2      0      0       0    0   0M
       5        0       0       0       0      0      0      0       0    0   0M
       7        0       0       0       6      0      0      0       0    0   0M
       7        0       0       0      37      6      0      0       0    0   0M
       8        0       0       0      48      6      0      0       0    0   0M
      10        0       0       0       0      0      0      0       0    0   0M
       7        0       0       0      24      3      0      0       0    0   0M
      12        0       0       0      36      2      0      0       0    0   0M
      12        0       0       0      29      4      0      0       0    0   0M
       8        0       0       0      17      1      0      0       0    0   0M
      12        0       0       0      19      1      0      0       0    0   0M
      10        0       0       0      13      1      0      0       0    0   0M
       5        0       0       0      35      5      0      0       0    0   0M
       9        0       0       0      30      3      0      0       0    0   0M
