       0        0       0       0       0      0      0      0       0    0   0M
       3        4       0       0       0      0      0      0       0    0   0M
       0        0       0       0       0      0      0      0       0    0   0M
       0        0       0       0       0      0      0      0       0    0   0M
      26        0       0       0       0      0      0      0       0    0   0M
      45        0       0       0       0      0      0      0       0    0   0M
      41        0       0       0       0      0      0      0       0    0   0M
      49        0       0       0       0      0      0      0       0    0   0M
      49        0       0       0       0      0      0      0       0    0   0M
      47        0       0       0       0      0      0      0       0    0   0M
      43        0       0       0       0      0      0      0       0    0   0M
      49        0       0       0       0      0      0      0       0    0   0M
      48        0       0       0       0      0      0      0       0    0   0M
      45        0       0       0       0      0      0      0       0    0   0M
      44        0       0       0       0      0      0      0       0    0   0M
      40        0       0       0       0      0      0      0       0    0   0M
      49        0       0       0       0      0      0      0       0    0   0M
      46        0       0       0       0      0      0      0       0    0   0M
      44        0       0       0       0      0      0      0       0    0   0M
      37        0       0       0       0      0      0      0       0    0   0M
      42        0       0       0       0      0      0      0       0    0   0M
      48        0       0       0       0      0      0      0       0    0   0M
      48        0       0       0       0      0      0      0       0    0   0M
      44        0       0       0       0      0      0      0       0    0   0M
      51        0       0       0       0      0      0      0       0    0   0M
      45        0       0       0       0      0      0      0       0    0   0M
      45        0       0       0       0      0      0      0       0    0   0M
      49        0       0       0       0      0      0      0       0    0   0M
      46        0       0       0       0      0      0      0       0    0   0M
      49        0       0       0       0      0      0      0       0    0   0M
      45        0       0       0       0      0      0      0       0    0   0M
      49        0       0       0       0      0      0      0       0    0   0M
      48        0       0       0       0      0      0      0       0    0   0M
      44        0       0       0       0      0      0      0       0    0   0M
      48        0       0       0       0      0      0      0       0    0   0M
      50        0       0       0       0      0      0      0       0    0   0M
      51        0       0       0       0      0      0      0       0    0   0M
      44        0       0       0       0      0      0      0       0    0   0M
      43        0       0       0       0      0      0      0       0    0   0M
      43        0       0       0       0      0      0      0       0    0   0M
      42        0       0       0       0      0      0      0       0    0   0M
      46        0       0       0       0      0      0      0       0    0   0M
      46        0       0       0       0      0      0      0       0    0   0M
      50        0       0       0       0      0      0      0       0    0   0M
      46        0       0       0       0      0      0      0       0    0   0M
      47        0       0       0       0      0      0      0       0    0   0M
      51        0       0       0       0      0      0      0       0    0   0M
      50        0       0       0       0      0      0      0       0    0   0M
      42        0       0       0       0      0      0      0       0    0   0M
      48        0       0       0       0      0      0      0       0    0   0M
      48        0       0       0       0      0      0      0       0    0   0M
      56        0       0       0       0      0      0      0       0    0   0M
      47        0       0       0       0      0      0      0       0    0   0M
      44        0       0       0       0      0      0      0       0    0   0M
      44        0       0       0       0      0      0      0       0    0   0M
      47        0       0       0       0      0      0      0       0    0   0M
      53        0       0       0       0      0      0      0       0    0   0M
      46        0       0       0       0      0      0      0       0    0   0M
      47        0       0       0       0      0      0      0       0    0   0M
      50        0       0       0       0      0      0      0       0    0   0M
      46        0       0       0       0      0      0      0       0    0   0M
      51        0       0       0       0      0      0      0       0    0   0M
      42        0       0       0       0      0      0      0       0    0   0M
      47        0       0       0       0      0      0      0       0    0   0M
      48        0       0       0       0      0      0      0       0    0   0M
      46        0       0       0       0      0      0      0       0    0   0M
      51        0       0       0       0      0      0      0       0    0   0M
      48        0       0       0       0      0      0      0       0    0   0M
      51        0       0       0       0      0      0      0       0    0   0M
      46        0       0       0       0      0      0      0       0    0   0M
      49        0       0       0       0      0      0      0       0    0   0M
      46        0       0       0       0      0      0      0       0    0   0M
      48        0       0       0       0      0      0      0       0    0   0M
      49        0       0       0       0      0      0      0       0    0   0M
      43        0       0       0       0      0      0      0       0    0   0M
      45        0       0       0       0      0      0      0       0    0   0M
      48        0       0       0       0      0      0      0       0    0   0M
      50        0       0       0       0      0      0      0       0    0   0M
      50        0       0       0       0      0      0      0       0    0   0M
      54        0       0       0       0      0      0      0       0    0   0M
      45        0       0       0       0      0      0      0       0    0   0M
      50        0       0       0       0      0      0      0       0    0   0M
      48        0       0       0       0      0      0      0       0    0   0M
      48        0       0       0       0      0      0      0       0    0   0M
      45        0       0       0       0      0      0      0       0    0   0M
      47        0       0       0       0      0      0      0       0    0   0M
      48        0       0       0       0      0      0      0       0    0   0M
      43        0       0       0       0      0      0      0       0    0   0M
      45        0       0       0       0      0      0      0       0    0   0M
      42        0       0       0       0      0      0      0       0    0   0M
      43        0       0       0       0      0      0      0       0    0   0M
      47        0       0       0       0      0      0      0       0    0   0M
      41        0       0       0       0      0      0      0       0    0   0M
      49        0       0       0       0      0      0      0       0    0   0M
      45        0       0       0       0      0      0      0       0    0   0M
      41        0       0       0       0      0      0      0       0    0   0M
      45        0       0       0       0      0      0      0       0    0   0M
      45        0       0       0       0      0      0      0       0    0   0M
      47        0       0       0       0      0      0      0       0    0   0M
      47        0       0       0       0      0      0      0       0    0   0M
      47        0       0       0       0      0      0      0       0    0   0M
      47        0       0       0       0      0      0      0       0    0   0M
      47        0       0       0       0      0      0      0       0    0   0M
