       0        0       0       0       0      0      0      0       0    0   0M
       3        3       0       0       0      0      0      0       0    0   0M
       0        1       0       0       0      0      0      0       0    0   0M
       0        0       0       0       0      0      0      0       0    0   0M
       5        0       0       0      10      0      0      0       0    0   0M
       8        0       0       0      32      4      0      0       0    0   0M
      14        0       0       0      40      3      0      0       0    0   0M
      12        0       0       0      49      6      0      0       0    0   0M
      18        0       0       0      56      6      0      0       0    0   0M
      11        0       0       0      53      5      0      0       0    0   0M
       8        0       0       0      43      3      0      0       0    0   0M
      13        0       0       0      53      5      0      0       0    0   0M
       5        0       0       0      31      3      0      0       0    0   0M
      11        0       0       0      46      5      0      0       0    0   0M
      12        0       0       0      41      5      0      0       0    0   0M
      13        0       0       0      44      4      0      0       0    0   0M
       4        0       0       0      17      2      0      0       0    0   0M
      15        0       0       0      52      4      0      0       0    0   0M
      12        0       0       0      48      5      0      0       0    0   0M
       4        0       0       0      31      2      0      0       0    0   0M
      10        0       0       0      38      4      0      0       0    0   0M
      11        0       0       0      53      6      0      0       0    0   0M
       8        0       0       0      37      3      0      0       0    0   0M
      15        0       0       0      46      5      0      0       0    0   0M
       9        0       0       0      51      6      0      0       0    0   0M
      13        0       0       0      47      4      0      0       0    0   0M
       8        0       0       0      38      3      0      0       0    0   0M
       9        0       0       0      37      5      0      0       0    0   0M
      13        0       0       0      55      6      0      0       0    0   0M
      10        0       0       0      55      5      0      0       0    0   0M
      15        0       0       0      52      5      0      0       0    0   0M
       9        0       0       0      54      5      0      0       0    0   0M
       9        0       0       0      51      3      0      0       0    0   0M
      11        0       0       0      39      4      0      0       0    0   0M
      15        0       0       0      53      5      0      0       0    0   0M
      14        0       0       0      57      6      0      0       0    0   0M
      14        0       0       0      56      8      0      0       0    0   0M
       5        0       0       0      42      5      0      0       0    0   0M
       9        0       0       0      36      3      0      0       0    0   0M
      15        0       0       0      55      5      0      0       0    0   0M
      11        0       0       0      37      4      0      0       0    0   0M
      10        0       0       0      38      4      0      0       0    0   0M
       9        0       0       0      46      3      0      0       0    0   0M
       8        0       0       0      47      3      0      0       0    0   0M
      10        0       0       0      47      5      0      0       0    0   0M
      13        0       0       0      47      6      0      0       0    0   0M
      13        0       0       0      57      6      0      0       0    0   0M
      12        0       0       0      54      6      0      0       0    0   0M
       8        0       0       0      40      4      0      0       0    0   0M
      11        0       0       0      44      4      0      0       0    0   0M
       8        0       0       0      46      6      0      0       0    0   0M
      14        0       0       0      47      5      0      0       0    0   0M
      12        0       0       0      55      7      0      0       0    0   0M
       6        0       0       0      34      3      0      0       0    0   0M
       9        0       0       0      25      2      0      0       0    0   0M
      10        0       0       0      50      4      0      0       0    0   0M
      13        0       0       0      55      6      0      0       0    0   0M
       9        0       0       0      42      4      0      0       0    0   0M
      12        0       0       0      54      6      0      0       0    0   0M
       7        0       0       0      39      4      0      0       0    0   0M
      12        0       0       0      41      3      0      0       0    0   0M
      15        0       0       0      55      5      0      0       0    0   0M
      13        0       0       0      53      5      0      0       0    0   0M
      17        0       0       0      52      5      0      0       0    0   0M
      12        0       0       0      56      7      0      0       0    0   0M
      10        0       0       0      53      6      0      0       0    0   0M
       9        0       0       0      48      6      0      0       0    0   0M
      17        0       0       0      52      4      0      0       0    0   0M
      14        0       0       0      56      7      0      0       0    0   0M
      18        0       0       0      52      7      0      0       0    0   0M
       9        0       0       0      54      5      0      0       0    0   0M
      11        0       0       0      53      4      0      0       0    0   0M
      12        0       0       0      54      6      0      0       0    0   0M
      11        0       0       0      48      5      0      0       0    0   0M
       7        0       0       0      52      5      0      0       0    0   0M
       7        0       0       0      31      3      0      0       0    0   0M
      13        0       0       0      45      4      0      0       0    0   0M
       7        0       0       0      53      8      0      0       0    0   0M
      10        0       0       0      36      4      0      0       0    0   0M
      18        0       0       0      57      7      0      0       0    0   0M
      13        0       0       0      51      4      0      0       0    0   0M
       7        0       0       0      38      2      0      0       0    0   0M
      12        0       0       0      35      5      0      0       0    0   0M
      17        0       0       0      59      7      0      0       0    0   0M
      11        0       0       0      54      5      0      0       0    0   0M
      15        0       0       0      54      6      0      0       0    0   0M
      15        0       0       0      54      5      0      0       0    0   0M
      11        0       0       0      49      3      0      0       0    0   0M
       5        0       0       0      11      1      0      0       0    0   0M
      12        0       0       0      40      4      0      0       0    0   0M
       6        0       0       0      36      2      0      0       0    0   0M
      12        0       0       0      50      3      0      0       0    0   0M
      10        0       0       0      43      4      0      0       0    0   0M
      13        0       0       0      51      6      0      0       0    0   0M
       8        0       0       0      50      4      0      0       0    0   0M
      11        0       0       0      48      6      0      0       0    0   0M
      11        0       0       0      44      4      0      0       0    0   0M
      10        0       0       0      53      7      0      0       0    0   0M
      12        0       0       0      46      4      0      0       0    0   0M
       9        0       0       0      47      4      0      0       0    0   0M
       8        0       0       0      47      6      0      0       0    0   0M
      12        0       0       0      55      6      0      0       0    0   0M
      15        0       0       0      54      5      0      0       0    0   0M
