       0        0       0       0       0      0      0      0       0    0   0M
       1        0       0       0       0      0      0      0       0    0   0M
       1        0       0       0       0      0      0      0       0    0   0M
       3        3       0       0       0      0      0      0       0    0   0M
       7        1       0       0       2      0      0      0       0    0   0M
       8        0       0       0       8      0      0      0       0    0   0M
      16        0       0       0       9      0      0      0       0    0   0M
      11        0       0       0       8      0      0      0       0    0   0M
      16        0       0       0      45      4      0      0       0    0   0M
      14        0       0       0      59      8      0      0       0    0   0M
      13        0       0       0      52      6      0      0       0    0   0M
      14        0       0       0      53      7      0      0       0    0   0M
       9        0       0       0      48      5      0      0       0    0   0M
      14        0       0       0      31      3      0      0       0    0   0M
      12        0       0       0       6      0      0      0       0    0   0M
      13        0       0       0       7      0      0      0       0    0   0M
      14        0       0       0      41      4      0      0       0    0   0M
       8        0       0       0      49      7      0      0       0    0   0M
       9        0       0       0       5      0      0      0       0    0   0M
       9        0       0       0      24      2      0      0       0    0   0M
       9        0       0       0      24      2      0      0       0    0   0M
      11        0       0       0      10      1      0      0       0    0   0M
      10        0       0       0      19      2      0      0       0    0   0M
      13        0       0       0      41      3      0      0       0    0   0M
      10        0       0       0      31      2      0      0       0    0   0M
      11        0       0       0      29      2      0      0       0    0   0M
       4        0       0       0      31      4      0      0       0    0   0M
      15        0       0       0       4      0      0      0       0    0   0M
       9        0       0       0      13      1      0      0       0    0   0M
      13        0       0       0      12      0      0      0       0    0   0M
      10        0       0       0      17      2      0      0       0    0   0M
       9        0       0       0      39      3      0      0       0    0   0M
       9        0       0       0      53      7      0      0       0    0   0M
       9        0       0       0      46      6      0      0       0    0   0M
      11        0       0       0      28      3      0      0       0    0   0M
      12        0       0       0      11      0      0      0       0    0   0M
      12        0       0       0      38      4      0      0       0    0   0M
      11        0       0       0      28      3      0      0       0    0   0M
      14        0       0       0      10      0      0      0       0    0   0M
      14        0       0       0      10      0      0      0       0    0   0M
       6        0       0       0      12      0      0      0       0    0   0M
       9        0       0       0      27      3      0      0       0    0   0M
      13        0       0       0      21      0      0      0       0    0   0M
       6        0       0       0       0      0      0      0       0    0   0M
      13        0       0       0      10      0      0      0       0    0   0M
       8        0       0       0      23      2      0      0       0    0   0M
      12        0       0       0      14      1      0      0       0    0   0M
      12        0       0       0      20      2      0      0       0    0   0M
      11        0       0       0      31      4      0      0       0    0   0M
       4        0       0       0       7      1      0      0       0    0   0M
      12        0       0       0      31      2      0      0       0    0   0M
      12        0       0       0      13      0      0      0       0    0   0M
       7        0       0       0      20      2      0      0       0    0   0M
      14        0       0       0      50      7      0      0       0    0   0M
      12        0       0       0       8      0      0      0       0    0   0M
      12        0       0       0      23      1      0      0       0    0   0M
      11        0       0       0      25      1      0      0       0    0   0M
      14        0       0       0      27      3      0      0       0    0   0M
      10        0       0       0       8      0      0      0       0    0   0M
       9        0       0       0      21      2      0      0       0    0   0M
      14        0       0       0      31      4      0      0       0    0   0M
       9        0       0       0      21      1      0      0       0    0   0M
       9        0       0       0       4      0      0      0       0    0   0M
      10        0       0       0      18      0      0      0       0    0   0M
      10        0       0       0      30      3      0      0       0    0   0M
      12        0       0       0      12      0      0      0       0    0   0M
      11        0       0       0      58      8      0      0       0    0   0M
      12        0       0       0      51      7      0      0       0    0   0M
       7        0       0       0      10      1      0      0       0    0   0M
      11        0       0       0       4      0      0      0       0    0   0M
       8        0       0       0      23      3      0      0       0    0   0M
      12        0       0       0      16      1      0      0       0    0   0M
       8        0       0       0      27      3      0      0       0    0   0M
      13        0       0       0      15      1      0      0       0    0   0M
      11        0       0       0      17      1      0      0       0    0   0M
      12        0       0       0      58      8      0      0       0    0   0M
      12        0       0       0      26      4      0      0       0    0   0M
       8        0       0       0       9      0      0      0       0    0   0M
      11        0       0       0       8      0      0      0       0    0   0M
      13        0       0       0      21      1      0      0       0    0   0M
      11        0       0       0      37      4      0      0       0    0   0M
       8        0       0       0      26      3      0      0       0    0   0M
       5        0       0       0      20      1      0      0       0    0   0M
      10        0       0       0      51      5      0      0       0    0   0M
       8        0       0       0      51      6      0      0       0    0   0M
       9        0       0       0      25      4      0      0       0    0   0M
      10        0       0       0      12      1      0      0       0    0   0M
      13        0       0       0      24      2      0      0       0    0   0M
      10        0       0       0       5      0      0      0       0    0   0M
      11        0       0       0       2      0      0      0       0    0   0M
      12        0       0       0       6      0      0      0       0    0   0M
      12        0       0       0      26      1      0      0       0    0   0M
       9        0       0       0      35      5      0      0       0    0   0M
       7        0       0       0      20      2      0      0       0    0   0M
      12        0       0       0      37      4      0      0       0    0   0M
      11        0       0       0      49      6      0      0       0    0   0M
      13        0       0       0      14      1      0      0       0    0   0M
      10        0       0       0       6      0      0      0       0    0   0M
      11        0       0       0      26      2      0      0       0    0   0M
      10        0       0       0       5      0      0      0       0    0   0M
       8        0       0       0      22      1      0      0       0    0   0M
      13        0       0       0      18      2      0      0       0    0   0M
       7        0       0       0       6      0      0      0       0    0   0M
