       0        0       0       0       0      0      0      0       0    0   0M
       2        2       0       0       0      0      1      0       0    0   0M
       1        2       0       0       0      0      0      0       0    0   0M
       0        0       0       0       0      0      0      0       0    0   0M
      38        0       0       0       0      0      0      0       0    0   0M
      79        0       0       0       0      0      0      0       0    0   0M
      79        0       0       0       0      0      0      0       0    0   0M
      78        0       0       0       0      0      0      0       0    0   0M
      78        0       0       0       0      0      0      0       0    0   0M
      79        0       0       0       0      0      0      0       0    0   0M
      79        0       0       0       0      0      0      0       0    0   0M
      79        0       0       0       0      0      0      0       0    0   0M
      78        0       0       0       0      0      0      0       0    0   0M
      78        0       0       0       0      0      0      0       0    0   0M
      78        0       0       0       0      0      0      0       0    0   0M
      79        0       0       0       0      0      0      0       0    0   0M
      78        0       0       0       0      0      0      0       0    0   0M
      78        0       0       0       0      0      0      0       0    0   0M
      79        0       0       0       0      0      0      0       0    0   0M
      79        0       0       0       0      0      0      0       0    0   0M
      78        0       0       0       0      0      0      0       0    0   0M
      79        0       0       0       0      0      0      0       0    0   0M
      79        0       0       0       0      0      0      0       0    0   0M
      79        0       0       0       0      0      0      0       0    0   0M
      78        0       0       0       0      0      0      0       0    0   0M
      78        0       0       0       0      0      0      0       0    0   0M
      77        0       0       0       0      0      0      0       0    0   0M
      79        0       0       0       0      0      0      0       0    0   0M
      78        0       0       0       0      0      0      0       0    0   0M
      79        0       0       0       0      0      0      0       0    0   0M
      78        0       0       0       0      0      0      0       0    0   0M
      79        0       0       0       0      0      0      0       0    0   0M
      77        0       0       0       0      0      0      0       0    0   0M
      79        0       0       0       0      0      0      0       0    0   0M
      78        0       0       0       0      0      0      0       0    0   0M
      78        0       0       0       0      0      0      0       0    0   0M
      79        0       0       0       0      0      0      0       0    0   0M
      80        0       0       0       0      0      0      0       0    0   0M
      77        0       0       0       0      0      0      0       0    0   0M
      78        0       0       0       0      0      0      0       0    0   0M
      78        0       0       0       0      0      0      0       0    0   0M
      78        0       0       0       0      0      0      0       0    0   0M
      79        0       0       0       0      0      0      0       0    0   0M
      79        0       0       0       0      0      0      0       0    0   0M
      78        0       0       0       0      0      0      0       0    0   0M
      79        0       0       0       0      0      0      0       0    0   0M
      79        0       0       0       0      0      0      0       0    0   0M
      78        0       0       0       0      0      0      0       0    0   0M
      79        0       0       0       0      0      0      0       0    0   0M
      79        0       0       0       0      0      0      0       0    0   0M
      78        0       0       0       0      0      0      0       0    0   0M
      78        0       0       0       0      0      0      0       0    0   0M
      78        0       0       0       0      0      0      0       0    0   0M
      79        0       0       0       0      0      0      0       0    0   0M
      79        0       0       0       0      0      0      0       0    0   0M
      78        0       0       0       0      0      0      0       0    0   0M
      79        0       0       0       0      0      0      0       0    0   0M
      78        0       0       0       0      0      0      0       0    0   0M
      77        0       0       0       0      0      0      0       0    0   0M
      78        0       0       0       0      0      0      0       0    0   0M
      78        0       0       0       0      0      0      0       0    0   0M
      79        0       0       0       0      0      0      0       0    0   0M
      77        0       0       0       0      0      0      0       0    0   0M
      78        0       0       0       0      0      0      0       0    0   0M
      79        0       0       0       0      0      0      0       0    0   0M
      79        0       0       0       0      0      0      0       0    0   0M
      77        0       0       0       0      0      0      0       0    0   0M
      77        0       0       0       0      0      0      0       0    0   0M
      79        0       0       0       0      0      0      0       0    0   0M
      78        0       0       0       0      0      0      0       0    0   0M
      78        0       0       0       0      0      0      0       0    0   0M
      79        0       0       0       0      0      0      0       0    0   0M
      79        0       0       0       0      0      0      0       0    0   0M
      77        0       0       0       0      0      0      0       0    0   0M
      79        0       0       0       0      0      0      0       0    0   0M
      78        0       0       0       0      0      0      0       0    0   0M
      79        0       0       0       0      0      0      0       0    0   0M
      78        0       0       0       0      0      0      0       0    0   0M
      79        0       0       0       0      0      0      0       0    0   0M
      79        0       0       0       0      0      0      0       0    0   0M
      78        0       0       0       0      0      0      0       0    0   0M
      78        0       0       0       0      0      0      0       0    0   0M
      79        0       0       0       0      0      0      0       0    0   0M
      77        0       0       0       0      0      0      0       0    0   0M
      79        0       0       0       0      0      0      0       0    0   0M
      78        0       0       0       0      0      0      0       0    0   0M
      77        0       0       0       0      0      0      0       0    0   0M
      79        0       0       0       0      0      0      0       0    0   0M
      79        0       0       0       0      0      0      0       0    0   0M
      78        0       0       0       0      0      0      0       0    0   0M
      77        0       0       0       0      0      0      0       0    0   0M
      79        0       0       0       0      0      0      0       0    0   0M
      77        0       0       0       0      0      0      0       0    0   0M
      78        0       0       0       0      0      0      0       0    0   0M
      78        0       0       0       0      0      0      0       0    0   0M
      78        0       0       0       0      0      0      0       0    0   0M
      78        0       0       0       0      0      0      0       0    0   0M
      78        0       0       0       0      0      0      0       0    0   0M
      78        0       0       0       0      0      0      0       0    0   0M
      79        0       0       0       0      0      0      0       0    0   0M
      79        0       0       0       0      0      0      0       0    0   0M
      78        0       0       0       0      0      0      0       0    0   0M
      79        0       0       0       0      0      0      0       0    0   0M
