       0        0       0       0       0      0      0      0       0    0   0M
       3        4       0       0       0      0      0      0       0    0   0M
       0        0       0       0       0      0      0      0       0    0   0M
       0        0       0       0       0      0      0      0       0    0   0M
       3        0       0       0       0      0      0      0       0    0   0M
      10        0       0       0       0      0      0      0       0    0   0M
       8        0       0       0       0      0      0      0       0    0   0M
      10        0       0       0       0      0      0      0       0    0   0M
       8        0       0       0       0      0      0      0       0    0   0M
       6        0       0       0       0      0      0      0       0    0   0M
       9        0       0       0       0      0      0      0       0    0   0M
       8        0       0       0       0      0      0      0       0    0   0M
      11        0       0       0       0      0      0      0       0    0   0M
      11        0       0       0       0      0      0      0       0    0   0M
       3        0       0       0       0      0      0      0       0    0   0M
      11        0       0       0       0      0      0      0       0    0   0M
       7        0       0       0       0      0      0      0       0    0   0M
      10        0       0       0       0      0      0      0       0    0   0M
      11        0       0       0       0      0      0      0       0    0   0M
       9        0       0       0       0      0      0      0       0    0   0M
       5        0       0       0       0      0      0      0       0    0   0M
       9        0       0       0       0      0      0      0       0    0   0M
      10        0       0       0       0      0      0      0       0    0   0M
      11        0       0       0       0      0      0      0       0    0   0M
       6        0       0       0       0      0      0      0       0    0   0M
      11        0       0       0       0      0      0      0       0    0   0M
       9        0       0       0       0      0      0      0       0    0   0M
       8        0       0       0       0      0      0      0       0    0   0M
       6        0       0       0       0      0      0      0       0    0   0M
      12        0       0       0       0      0      0      0       0    0   0M
       6        0       0       0       0      0      0      0       0    0   0M
       9        0       0       0       0      0      0      0       0    0   0M
       9        0       0       0       0      0      0      0       0    0   0M
       9        0       0       0       0      0      0      0       0    0   0M
       4        0       0       0       0      0      0      0       0    0   0M
       4        0       0       0       0      0      0      0       0    0   0M
      10        0       0       0       0      0      0      0       0    0   0M
       6        0       0       0       0      0      0      0       0    0   0M
       8        0       0       0       0      0      0      0       0    0   0M
       6        0       0       0       0      0      0      0       0    0   0M
      13        0       0       0       0      0      0      0       0    0   0M
       3        0       0       0       0      0      0      0       0    0   0M
       9        0       0       0       0      0      0      0       0    0   0M
       7        0       0       0       0      0      0      0       0    0   0M
      13        0       0       0       0      0      0      0       0    0   0M
       7        0       0       0       0      0      0      0       0    0   0M
       5        0       0       0       0      0      0      0       0    0   0M
       7        0       0       0       0      0      0      0       0    0   0M
      10        0       0       0       0      0      0      0       0    0   0M
      10        0       0       0       0      0      0      0       0    0   0M
      15        0       0       0       0      0      0      0       0    0   0M
       8        0       0       0       0      0      0      0       0    0   0M
       8        0       0       0       0      0      0      0       0    0   0M
      11        0       0       0       0      0      0      0       0    0   0M
       5        0       0       0       0      0      0      0       0    0   0M
      13        0       0       0       0      0      0      0       0    0   0M
      13        0       0       0       0      0      0      0       0    0   0M
       8        0       0       0       0      0      0      0       0    0   0M
      15        0       0       0       0      0      0      0       0    0   0M
       9        0       0       0       0      0      0      0       0    0   0M
       9        0       0       0       0      0      0      0       0    0   0M
       4        0       0       0       0      0      0      0       0    0   0M
      13        0       0       0       0      0      0      0       0    0   0M
      19        0       0       0       0      0      0      0       0    0   0M
      15        0       0       0       0      0      0      0       0    0   0M
      11        0       0       0       0      0      0      0       0    0   0M
       7        0       0       0       0      0      0      0       0    0   0M
       6        0       0       0       0      0      0      0       0    0   0M
       5        0       0       0       0      0      0      0       0    0   0M
       8        0       0       0       0      0      0      0       0    0   0M
       7        0       0       0       0      0      0      0       0    0   0M
       3        0       0       0       0      0      0      0       0    0   0M
       8        0       0       0       0      0      0      0       0    0   0M
       7        0       0       0       0      0      0      0       0    0   0M
      10        0       0       0       0      0      0      0       0    0   0M
       8        0       0       0       0      0      0      0       0    0   0M
       8        0       0       0       0      0      0      0       0    0   0M
       8        0       0       0       0      0      0      0       0    0   0M
       6        0       0       0       0      0      0      0       0    0   0M
       6        0       0       0       0      0      0      0       0    0   0M
       6        0       0       0       0      0      0      0       0    0   0M
       8        0       0       0       0      0      0      0       0    0   0M
      10        0       0       0       0      0      0      0       0    0   0M
       6        0       0       0       0      0      0      0       0    0   0M
       9        0       0       0       0      0      0      0       0    0   0M
      13        0       0       0       0      0      0      0       0    0   0M
       7        0       0       0       0      0      0      0       0    0   0M
      10        0       0       0       0      0      0      0       0    0   0M
       8        0       0       0       0      0      0      0       0    0   0M
       5        0       0       0       0      0      0      0       0    0   0M
       8        0       0       0       0      0      0      0       0    0   0M
       5        0       0       0       0      0      0      0       0    0   0M
       3        0       0       0       0      0      0      0       0    0   0M
       7        0       0       0       0      0      0      0       0    0   0M
      11        0       0       0       0      0      0      0       0    0   0M
       9        0       0       0       0      0      0      0       0    0   0M
       8        0       0       0       0      0      0      0       0    0   0M
      10        0       0       0       0      0      0      0       0    0   0M
       9        0       0       0       0      0      0      0       0    0   0M
       7        0       0       0       0      0      0      0       0    0   0M
       7        0       0       0       0      0      0      0       0    0   0M
       9        0       0       0       0      0      0      0       0    0   0M
      13        0       0       0       0      0      0      0       0    0   0M
