       0        0       0       0       0      0      0      0       0    0   0M
       3        4       0       0       0      0      0      0       0    0   0M
       0        1       0       0       0      0      0      0       0    0   0M
       0        0       0       0       0      0      0      0       0    0   0M
      10        0       0       0       0      0      0      0       0    0   0M
      19        0       0       0       0      0      0      0       0    0   0M
      18        0       0       0       0      0      0      0       0    0   0M
      13        0       0       0       0      0      0      0       0    0   0M
      19        0       0       0       0      0      0      0       0    0   0M
      16        0       0       0       0      0      0      0       0    0   0M
      19        0       0       0       0      0      0      0       0    0   0M
      17        0       0       0       0      0      0      0       0    0   0M
      19        0       0       0       0      0      0      0       0    0   0M
      17        0       0       0       0      0      0      0       0    0   0M
      19        0       0       0       0      0      0      0       0    0   0M
      20        0       0       0       0      0      0      0       0    0   0M
      17        0       0       0       0      0      0      0       0    0   0M
      23        0       0       0       0      0      0      0       0    0   0M
      18        0       0       0       0      0      0      0       0    0   0M
      10        0       0       0       0      0      0      0       0    0   0M
      17        0       0       0       0      0      0      0       0    0   0M
      19        0       0       0       0      0      0      0       0    0   0M
      11        0       0       0       0      0      0      0       0    0   0M
      22        0       0       0       0      0      0      0       0    0   0M
      16        0       0       0       0      0      0      0       0    0   0M
      17        0       0       0       0      0      0      0       0    0   0M
      17        0       0       0       0      0      0      0       0    0   0M
      18        0       0       0       0      0      0      0       0    0   0M
      15        0       0       0       0      0      0      0       0    0   0M
      17        0       0       0       0      0      0      0       0    0   0M
      19        0       0       0       0      0      0      0       0    0   0M
      14        0       0       0       0      0      0      0       0    0   0M
      19        0       0       0       0      0      0      0       0    0   0M
      13        0       0       0       0      0      0      0       0    0   0M
      15        0       0       0       0      0      0      0       0    0   0M
      12        0       0       0       0      0      0      0       0    0   0M
      14        0       0       0       0      0      0      0       0    0   0M
      15        0       0       0       0      0      0      0       0    0   0M
      18        0       0       0       0      0      0      0       0    0   0M
      17        0       0       0       0      0      0      0       0    0   0M
      18        0       0       0       0      0      0      0       0    0   0M
      17        0       0       0       0      0      0      0       0    0   0M
      18        0       0       0       0      0      0      0       0    0   0M
      21        0       0       0       0      0      0      0       0    0   0M
      19        0       0       0       0      0      0      0       0    0   0M
      16        0       0       0       0      0      0      0       0    0   0M
      23        0       0       0       0      0      0      0       0    0   0M
      16        0       0       0       0      0      0      0       0    0   0M
      15        0       0       0       0      0      0      0       0    0   0M
      14        0       0       0       0      0      0      0       0    0   0M
      18        0       0       0       0      0      0      0       0    0   0M
      14        0       0       0       0      0      0      0       0    0   0M
      15        0       0       0       0      0      0      0       0    0   0M
      14        0       0       0       0      0      0      0       0    0   0M
      23        0       0       0       0      0      0      0       0    0   0M
      19        0       0       0       0      0      0      0       0    0   0M
      16        0       0       0       0      0      0      0       0    0   0M
      18        0       0       0       0      0      0      0       0    0   0M
      11        0       0       0       0      0      0      0       0    0   0M
      17        0       0       0       0      0      0      0       0    0   0M
      16        0       0       0       0      0      0      0       0    0   0M
      16        0       0       0       0      0      0      0       0    0   0M
      17        0       0       0       0      0      0      0       0    0   0M
      18        0       0       0       0      0      0      0       0    0   0M
      24        0       0       0       0      0      0      0       0    0   0M
      16        0       0       0       0      0      0      0       0    0   0M
      18        0       0       0       0      0      0      0       0    0   0M
      14        0       0       0       0      0      0      0       0    0   0M
      20        0       0       0       0      0      0      0       0    0   0M
      21        0       0       0       0      0      0      0       0    0   0M
      17        0       0       0       0      0      0      0       0    0   0M
      20        0       0       0       0      0      0      0       0    0   0M
       9        0       0       0       0      0      0      0       0    0   0M
      14        0       0       0       0      0      0      0       0    0   0M
      11        0       0       0       0      0      0      0       0    0   0M
      16        0       0       0       0      0      0      0       0    0   0M
      19        0       0       0       0      0      0      0       0    0   0M
      13        0       0       0       0      0      0      0       0    0   0M
      15        0       0       0       0      0      0      0       0    0   0M
      18        0       0       0       0      0      0      0       0    0   0M
      21        0       0       0       0      0      0      0       0    0   0M
      18        0       0       0       0      0      0      0       0    0   0M
      13        0       0       0       0      0      0      0       0    0   0M
      12        0       0       0       0      0      0      0       0    0   0M
      17        0       0       0       0      0      0      0       0    0   0M
      15        0       0       0       0      0      0      0       0    0   0M
      17        0       0       0       0      0      0      0       0    0   0M
      16        0       0       0       0      0      0      0       0    0   0M
      17        0       0       0       0      0      0      0       0    0   0M
      19        0       0       0       0      0      0      0       0    0   0M
      22        0       0       0       0      0      0      0       0    0   0M
      15        0       0       0       0      0      0      0       0    0   0M
      13        0       0       0       0      0      0      0       0    0   0M
      14        0       0       0       0      0      0      0       0    0   0M
      14        0       0       0       0      0      0      0       0    0   0M
      17        0       0       0       0      0      0      0       0    0   0M
      19        0       0       0       0      0      0      0       0    0   0M
      15        0       0       0       0      0      0      0       0    0   0M
      17        0       0       0       0      0      0      0       0    0   0M
      17        0       0       0       0      0      0      0       0    0   0M
      12        0       0       0       0      0      0      0       0    0   0M
      15        0       0       0       0      0      0      0       0    0   0M
      19        0       0       0       0      0      0      0       0    0   0M
