       0        0       0       0       0      0      0      0       0    0   0M
       3        3       0       0       0      0      0      0       0    0   0M
       0        0       0       0       0      0      0      0       0    0   0M
       0        0       0       0       0      0      0      0       0    0   0M
       5        0       0       0       9      0      0      0       0    0   0M
      16        0       0       0      14      1      0      0       0    0   0M
       9        0       0       0       6      0      0      0       0    0   0M
       6        0       0       0      16      1      0      0       0    0   0M
      13        0       0       0      27      2      0      0       0    0   0M
      13        0       0       0       9      0      0      0       0    0   0M
       8        0       0       0       6      0      0      0       0    0   0M
       5        0       0       0      11      1      0      0       0    0   0M
       9        0       0       0      33      3      0      0       0    0   0M
      10        0       0       0      28      4      0      0       0    0   0M
       9        0       0       0      29      3      0      0       0    0   0M
      13        0       0       0      17      0      0      0       0    0   0M
      15        0       0       0      14      1      0      0       0    0   0M
      12        0       0       0      13      0      0      0       0    0   0M
      14        0       0       0      20      0      0      0       0    0   0M
      10        0       0       0      21      2      0      0       0    0   0M
      16        0       0       0      44      6      0      0       0    0   0M
       9        0       0       0      29      2      0      0       0    0   0M
       6        0       0       0       2      0      0      0       0    0   0M
      13        0       0       0      52      5      0      0       0    0   0M
       9        0       0       0      53      7      0      0       0    0   0M
       7        0       0       0      15      2      0      0       0    0   0M
       9        0       0       0      17      0      0      0       0    0   0M
      13        0       0       0      45      4      0      0       0    0   0M
      11        0       0       0      48      6      0      0       0    0   0M
      12        0       0       0      13      0      0      0       0    0   0M
      12        0       0       0      16      1      0      0       0    0   0M
      16        0       0       0      24      1      0      0       0    0   0M
      11        0       0       0      20      2      0      0       0    0   0M
       9        0       0       0      10      1      0      0       0    0   0M
       9        0       0       0       2      0      0      0       0    0   0M
      11        0       0       0      15      2      0      0       0    0   0M
       9        0       0       0      10      0      0      0       0    0   0M
       7        0       0       0      10      0      0      0       0    0   0M
       9        0       0       0       1      0      0      0       0    0   0M
      11        0       0       0      13      1      0      0       0    0   0M
      12        0       0       0       8      1      0      0       0    0   0M
       7        0       0       0      13      1      0      0       0    0   0M
       8        0       0       0      17      1      0      0       0    0   0M
      11        0       0       0       3      1      0      0       0    0   0M
      10        0       0       0       6      0      0      0       0    0   0M
      13        0       0       0      28      1      0      0       0    0   0M
      12        0       0       0      12      0      0      0       0    0   0M
      13        0       0       0      17      0      0      0       0    0   0M
      11        0       0       0      12      0      0      0       0    0   0M
      13        0       0       0      18      0      0      0       0    0   0M
      10        0       0       0      31      4      0      0       0    0   0M
      10        0       0       0      11      0      0      0       0    0   0M
       6        0       0       0      15      1      0      0       0    0   0M
      11        0       0       0      18      0      0      0       0    0   0M
      10        0       0       0      16      1      0      0       0    0   0M
      10        0       0       0      17      0      0      0       0    0   0M
      11        0       0       0      12      0      0      0       0    0   0M
      12        0       0       0      31      2      0      0       0    0   0M
       8        0       0       0      19      1      0      0       0    0   0M
      14        0       0       0      15      0      0      0       0    0   0M
       9        0       0       0       9      0      0      0       0    0   0M
      10        0       0       0      13      1      0      0       0    0   0M
      12        0       0       0      21      2      0      0       0    0   0M
      12        0       0       0      21      3      0      0       0    0   0M
      12        0       0       0      21      2      0      0       0    0   0M
      10        0       0       0      30      2      0      0       0    0   0M
      15        0       0       0      13      0      0      0       0    0   0M
      13        0       0       0      31      2      0      0       0    0   0M
      13        0       0       0      25      2      0      0       0    0   0M
      12        0       0       0       6      0      0      0       0    0   0M
      13        0       0       0      17      1      0      0       0    0   0M
      12        0       0       0      30      1      0      0       0    0   0M
      15        0       0       0      21      2      0      0       0    0   0M
      14        0       0       0      46      5      0      0       0    0   0M
      10        0       0       0      10      0      0      0       0    0   0M
      11        0       0       0      11      0      0      0       0    0   0M
      12        0       0       0       9      0      0      0       0    0   0M
       8        0       0       0      11      1      0      0       0    0   0M
       9        0       0       0      18      2      0      0       0    0   0M
       9        0       0       0      11      0      0      0       0    0   0M
      14        0       0       0      30      3      0      0       0    0   0M
      10        0       0       0       8      0      0      0       0    0   0M
       5        0       0       0      15      2      0      0       0    0   0M
      13        0       0       0      55      6      0      0       0    0   0M
      11        0       0       0      37      5      0      0       0    0   0M
      13        0       0       0      19      1      0      0       0    0   0M
       9        0       0       0       7      0      0      0       0    0   0M
       8        0       0       0      11      1      0      0       0    0   0M
      14        0       0       0      22      1      0      0       0    0   0M
      13        0       0       0      14      1      0      0       0    0   0M
      12        0       0       0      13      0      0      0       0    0   0M
      11        0       0       0      34      4      0      0       0    0   0M
      15        0       0       0       6      0      0      0       0    0   0M
       8        0       0       0       2      0      0      0       0    0   0M
       9        0       0       0       4      0      0      0       0    0   0M
       7        0       0       0       0      0      0      0       0    0   0M
       8        0       0       0      25      1      0      0       0    0   0M
      11        0       0       0       7      0      0      0       0    0   0M
      11        0       0       0      10      1      0      0       0    0   0M
      10        0       0       0       6      0      0      0       0    0   0M
      11        0       0       0      45      5      0      0       0    0   0M
       8        0       0       0       2      0      0      0       0    0   0M
      11        0       0       0       9      0      0      0       0    0   0M
