       0        0       0       0       0      0      0      0       0    0   0M
       1        1       0       0       0      0      0      0       0    0   0M
       3        3       0       0       0      0      0      0       0    0   0M
       0        0       0       0       0      0      0      0       0    0   0M
       8        0       0       0       5      0      0      0       0    0   0M
      11        0       0       0      27      3      0      0       0    0   0M
      10        0       0       0      14      1      0      0       0    0   0M
      11        0       0       0      34      4      0      0       0    0   0M
      14        0       0       0      28      3      0      0       0    0   0M
      13        0       0       0      56      7      0      0       0    0   0M
       7        0       0       0      39      6      0      0       0    0   0M
      14        0       0       0      26      3      0      0       0    0   0M
      15        0       0       0      19      1      0      0       0    0   0M
      13        0       0       0      34      3      0      0       0    0   0M
      10        0       0       0      15      0      0      0       0    0   0M
      14        0       0       0      20      1      0      0       0    0   0M
       6        0       0       0       6      0      0      0       0    0   0M
      15        0       0       0      49      6      0      0       0    0   0M
       9        0       0       0      38      3      0      0       0    0   0M
      10        0       0       0      15      0      0      0       0    0   0M
      13        0       0       0      50      5      0      0       0    0   0M
      12        0       0       0      58      9      0      0       0    0   0M
       9        0       0       0      55      8      0      0       0    0   0M
      11        0       0       0      60      7      0      0       0    0   0M
      10        0       0       0       9      1      0      0       0    0   0M
      11        0       0       0      38      4      0      0       0    0   0M
      11        0       0       0      55      7      0      0       0    0   0M
      13        0       0       0      56      7      0      0       0    0   0M
      12        0       0       0      59      8      0      0       0    0   0M
      11        0       0       0      37      3      0      0       0    0   0M
       8        0       0       0      28      4      0      0       0    0   0M
      10        0       0       0      55      7      0      0       0    0   0M
      10        0       0       0      43      4      0      0       0    0   0M
       9        0       0       0      53      6      0      0       0    0   0M
      10        0       0       0      47      6      0      0       0    0   0M
      10        0       0       0       7      0      0      0       0    0   0M
      12        0       0       0      46      6      0      0       0    0   0M
      15        0       0       0      57      8      0      0       0    0   0M
      15        0       0       0      57      7      0      0       0    0   0M
      13        0       0       0      53      8      0      0       0    0   0M
      13        0       0       0      57      6      0      0       0    0   0M
      14        0       0       0      40      5      0      0       0    0   0M
       7        0       0       0      28      4      0      0       0    0   0M
      14        0       0       0      26      1      0      0       0    0   0M
       9        0       0       0      46      4      0      0       0    0   0M
       9        0       0       0      27      2      0      0       0    0   0M
      11        0       0       0      29      2      0      0       0    0   0M
      11        0       0       0      18      1      0      0       0    0   0M
       7        0       0       0      26      3      0      0       0    0   0M
      11        0       0       0      27      3      0      0       0    0   0M
      11        0       0       0      25      3      0      0       0    0   0M
      12        0       0       0      21      1      0      0       0    0   0M
      15        0       0       0      47      6      0      0       0    0   0M
      12        0       0       0      33      2      0      0       0    0   0M
      13        0       0       0      44      3      0      0       0    0   0M
      11        0       0       0      58      9      0      0       0    0   0M
       9        0       0       0      55      7      0      0       0    0   0M
       6        0       0       0      28      3      0      0       0    0   0M
      12        0       0       0      51      6      0      0       0    0   0M
      13        0       0       0      54      8      0      0       0    0   0M
      14        0       0       0      48      4      0      0       0    0   0M
      12        0       0       0      26      3      0      0       0    0   0M
      12        0       0       0      48      6      0      0       0    0   0M
      14        0       0       0      54      6      0      0       0    0   0M
      10        0       0       0      53      8      0      0       0    0   0M
      10        0       0       0      34      4      0      0       0    0   0M
      11        0       0       0      56      8      0      0       0    0   0M
       9        0       0       0      37      4      0      0       0    0   0M
      15        0       0       0      31      3      0      0       0    0   0M
      14        0       0       0      55      8      0      0       0    0   0M
      10        0       0       0      49      5      0      0       0    0   0M
      11        0       0       0       5      0      0      0       0    0   0M
       7        0       0       0      19      1      0      0       0    0   0M
      13        0       0       0      14      2      0      0       0    0   0M
      10        0       0       0      23      0      0      0       0    0   0M
      11        0       0       0      54      7      0      0       0    0   0M
      12        0       0       0      55      7      0      0       0    0   0M
      10        0       0       0      26      2      0      0       0    0   0M
       8        0       0       0      18      1      0      0       0    0   0M
       7        0       0       0      12      0      0      0       0    0   0M
       7        0       0       0      13      0      0      0       0    0   0M
      10        0       0       0      38      3      0      0       0    0   0M
       5        0       0       0      39      6      0      0       0    0   0M
      14        0       0       0      48      5      0      0       0    0   0M
      13        0       0       0      57      8      0      0       0    0   0M
      14        0       0       0      58      7      0      0       0    0   0M
      11        0       0       0      52      7      0      0       0    0   0M
      14        0       0       0      56      6      0      0       0    0   0M
      12        0       0       0      57      8      0      0       0    0   0M
      14        0       0       0      52      6      0      0       0    0   0M
      11        0       0       0      54      7      0      0       0    0   0M
      10        0       0       0      61      9      0      0       0    0   0M
      17        0       0       0      57      8      0      0       0    0   0M
      11        0       0       0      32      4      0      0       0    0   0M
      13        0       0       0      30      2      0      0       0    0   0M
       9        0       0       0      38      5      0      0       0    0   0M
       9        0       0       0      57      7      0      0       0    0   0M
      13        0       0       0      32      4      0      0       0    0   0M
      10        0       0       0       9      0      0      0       0    0   0M
      10        0       0       0      20      2      0      0       0    0   0M
      14        0       0       0      30      4      0      0       0    0   0M
      13        0       0       0      33      3      0      0       0    0   0M
      13        0       0       0      22      1      0      0       0    0   0M
