       0        0       0       0       0      0      0      0       0    0   0M
       3        3       0       0       1      0      0      0       0    0   0M
       0        0       0       0       0      0      0      0       0    0   0M
       0        0       0       0       0      0      0      0       0    0   0M
       0       31       0       0       0      0      0      0       0    0   0M
       0       64       0       0       0      0      0      0       0    0   0M
       0       66       0       0       0      0      0      0       0    0   0M
       0       67       0       0       0      0      0      0       0    0   0M
       0       65       0       0       0      0      0      0       0    0   0M
       0       63       0       0       0      0      0      0       0    0   0M
       0       66       0       0       0      0      0      0       0    0   0M
       0       67       0       0       0      0      0      0       0    0   0M
       0       66       0       0       0      0      0      0       0    0   0M
       0       69       0       0       0      0      0      0       0    0   0M
       0       67       0       0       0      0      0      0       0    0   0M
       0       63       0       0       0      0      0      0       0    0   0M
       0       65       0       0       0      0      0      0       0    0   0M
       0       65       0       0       0      0      0      0       0    0   0M
       0       64       0       0       0      0      0      0       0    0   0M
       0       64       0       0       0      0      0      0       0    0   0M
       0       63       0       0       0      0      0      0       0    0   0M
       0       62       0       0       0      0      0      0       0    0   0M
       0       66       0       0       0      0      0      0       0    0   0M
       0       66       0       0       0      0      0      0       0    0   0M
       0       68       0       0       0      0      0      0       0    0   0M
       0       63       0       0       0      0      0      0       0    0   0M
       0       62       0       0       0      0      0      0       0    0   0M
       0       65       0       0       0      0      0      0       0    0   0M
       0       62       0       0       0      0      0      0       0    0   0M
       0       67       0       0       0      0      0      0       0    0   0M
       0       67       0       0       0      0      0      0       0    0   0M
       0       66       0       0       0      0      0      0       0    0   0M
       0       63       0       0       0      0      0      0       0    0   0M
       0       66       0       0       0      0      0      0       0    0   0M
       0       65       0       0       0      0      0      0       0    0   0M
       0       64       0       0       0      0      0      0       0    0   0M
       0       68       0       0       0      0      0      0       0    0   0M
       0       66       0       0       0      0      0      0       0    0   0M
       0       68       0       0       0      0      0      0       0    0   0M
       0       66       0       0       0      0      0      0       0    0   0M
       0       63       0       0       0      0      0      0       0    0   0M
       0       64       0       0       0      0      0      0       0    0   0M
       0       63       0       0       0      0      0      0       0    0   0M
       0       64       0       0       0      0      0      0       0    0   0M
       0       64       0       0       0      0      0      0       0    0   0M
       0       68       0       0       0      0      0      0       0    0   0M
       0       64       0       0       0      0      0      0       0    0   0M
       0       65       0       0       0      0      0      0       0    0   0M
       0       63       0       0       0      0      0      0       0    0   0M
       0       65       0       0       0      0      0      0       0    0   0M
       0       65       0       0       0      0      0      0       0    0   0M
       0       65       0       0       0      0      0      0       0    0   0M
       0       65       0       0       0      0      0      0       0    0   0M
       0       65       0       0       0      0      0      0       0    0   0M
       0       66       0       0       0      0      0      0       0    0   0M
       0       65       0       0       0      0      0      0       0    0   0M
       0       63       0       0       0      0      0      0       0    0   0M
       0       64       0       0       0      0      0      0       0    0   0M
       0       66       0       0       0      0      0      0       0    0   0M
       0       65       0       0       0      0      0      0       0    0   0M
       0       62       0       0       0      0      0      0       0    0   0M
       0       67       0       0       0      0      0      0       0    0   0M
       0       66       0       0       0      0      0      0       0    0   0M
       0       68       0       0       0      0      0      0       0    0   0M
       0       67       0       0       0      0      0      0       0    0   0M
       0       63       0       0       0      0      0      0       0    0   0M
       0       64       0       0       0      0      0      0       0    0   0M
       0       66       0       0       0      0      0      0       0    0   0M
       0       63       0       0       0      0      0      0       0    0   0M
       0       65       0       0       0      0      0      0       0    0   0M
       0       66       0       0       0      0      0      0       0    0   0M
       0       68       0       0       0      0      0      0       0    0   0M
       0       64       0       0       0      0      0      0       0    0   0M
       0       66       0       0       0      0      0      0       0    0   0M
       0       63       0       0       0      0      0      0       0    0   0M
       0       66       0       0       0      0      0      0       0    0   0M
       0       65       0       0       0      0      0      0       0    0   0M
       0       67       0       0       0      0      0      0       0    0   0M
       0       61       0       0       0      0      0      0       0    0   0M
       0       66       0       0       0      0      0      0       0    0   0M
       0       67       0       0       0      0      0      0       0    0   0M
       0       65       0       0       0      0      0      0       0    0   0M
       0       66       0       0       0      0      0      0       0    0   0M
       0       65       0       0       0      0      0      0       0    0   0M
       0       65       0       0       0      0      0      0       0    0   0M
       0       68       0       0       0      0      0      0       0    0   0M
       0       66       0       0       0      0      0      0       0    0   0M
       0       66       0       0       0      0      0      0       0    0   0M
       0       68       0       0       0      0      0      0       0    0   0M
       0       65       0       0       0      0      0      0       0    0   0M
       0       65       0       0       0      0      0      0       0    0   0M
       0       63       0       0       0      0      0      0       0    0   0M
       0       63       0       0       0      0      0      0       0    0   0M
       0       65       0       0       0      0      0      0       0    0   0M
       0       65       0       0       0      0      0      0       0    0   0M
       0       62       0       0       0      0      0      0       0    0   0M
       0       66       0       0       0      0      0      0       0    0   0M
       0       67       0       0       0      0      0      0       0    0   0M
       0       66       0       0       0      0      0      0       0    0   0M
       0       64       0       0       0      0      0      0       0    0   0M
       0       64       0       0       0      0      0      0       0    0   0M
       0       62       0       0       0      0      0      0       0    0   0M
       0       64       0       0       0      0      0      0       0    0   0M
