       0        0       0       0       0      0      0      0       0    0   0M
       1        1       0       0       0      0      0      0       0    0   0M
       3        3       0       0       0      0      2      0       0    0   0M
       0        0       0       0       0      0      0      0       0    0   0M
       5        0       0       0       8      1      0      0       0    0   0M
      12        0       0       0      16      0      0      0       0    0   0M
      12        0       0       0      11      1      0      0       0    0   0M
       9        0       0       0      41      5      0      0       0    0   0M
       8        0       0       0       6      0      0      0       0    0   0M
      16        0       0       0      18      1      0      0       0    0   0M
      11        0       0       0      19      2      0      0       0    0   0M
      11        0       0       0      14      1      0      0       0    0   0M
       8        0       0       0      19      1      0      0       0    0   0M
       8        0       0       0      33      3      0      0       0    0   0M
       6        0       0       0      19      2      0      0       0    0   0M
      10        0       0       0      14      0      0      0       0    0   0M
      11        0       0       0      40      4      0      0       0    0   0M
      12        0       0       0      22      1      0      0       0    0   0M
       9        0       0       0      31      4      0      0       0    0   0M
      11        0       0       0      13      1      0      0       0    0   0M
       9        0       0       0       4      0      0      0       0    0   0M
       6        0       0       0      14      1      0      0       0    0   0M
      13        0       0       0      18      2      0      0       0    0   0M
      12        0       0       0       4      0      0      0       0    0   0M
       8        0       0       0      16      0      0      0       0    0   0M
      13        0       0       0       3      0      0      0       0    0   0M
      11        0       0       0      22      2      0      0       0    0   0M
       8        0       0       0       3      0      0      0       0    0   0M
       8        0       0       0      14      1      0      0       0    0   0M
       7        0       0       0      14      0      0      0       0    0   0M
      12        0       0       0      21      1      0      0       0    0   0M
      16        0       0       0      51      7      0      0       0    0   0M
      10        0       0       0      24      2      0      0       0    0   0M
       8        0       0       0      11      0      0      0       0    0   0M
      15        0       0       0      16      1      0      0       0    0   0M
      12        0       0       0      15      1      0      0       0    0   0M
      11        0       0       0      17      2      0      0       0    0   0M
       8        0       0       0       2      0      0      0       0    0   0M
      13        0       0       0      21      1      0      0       0    0   0M
      10        0       0       0      20      1      0      0       0    0   0M
       9        0       0       0      16      2      0      0       0    0   0M
      11        0       0       0      18      1      0      0       0    0   0M
       9        0       0       0      24      3      0      0       0    0   0M
       9        0       0       0      24      2      0      0       0    0   0M
      11        0       0       0      16      0      0      0       0    0   0M
       8        0       0       0      13      0      0      0       0    0   0M
       9        0       0       0       8      0      0      0       0    0   0M
      11        0       0       0      27      2      0      0       0    0   0M
       8        0       0       0      21      2      0      0       0    0   0M
      10        0       0       0      14      1      0      0       0    0   0M
      13        0       0       0      11      0      0      0       0    0   0M
       9        0       0       0      10      1      0      0       0    0   0M
      11        0       0       0      22      2      0      0       0    0   0M
      14        0       0       0      11      0      0      0       0    0   0M
       9        0       0       0       4      0      0      0       0    0   0M
      12        0       0       0      52      6      0      0       0    0   0M
       9        0       0       0      31      3      0      0       0    0   0M
       9        0       0       0      18      1      0      0       0    0   0M
      13        0       0       0      24      2      0      0       0    0   0M
      12        0       0       0      18      2      0      0       0    0   0M
      15        0       0       0      11      0      0      0       0    0   0M
       8        0       0       0      23      2      0      0       0    0   0M
      14        0       0       0      33      3      0      0       0    0   0M
       6        0       0       0       5      0      0      0       0    0   0M
      15        0       0       0      14      0      0      0       0    0   0M
      13        0       0       0      18      1      0      0       0    0   0M
      12        0       0       0      10      0      0      0       0    0   0M
      11        0       0       0      29      3      0      0       0    0   0M
      11        0       0       0      18      1      0      0       0    0   0M
      12        0       0       0      20      2      0      0       0    0   0M
      13        0       0       0      36      4      0      0       0    0   0M
      15        0       0       0       6      0      0      0       0    0   0M
       7        0       0       0       7      1      0      0       0    0   0M
      12        0       0       0       9      0      0      0       0    0   0M
       8        0       0       0      15      1      0      0       0    0   0M
      10        0       0       0       3      0      0      0       0    0   0M
      10        0       0       0      16      1      0      0       0    0   0M
       9        0       0       0      22      2      0      0       0    0   0M
       8        0       0       0      29      2      0      0       0    0   0M
      13        0       0       0      15      1      0      0       0    0   0M
      15        0       0       0      14      1      0      0       0    0   0M
      17        0       0       0       6      0      0      0       0    0   0M
      14        0       0       0      14      0      0      0       0    0   0M
       9        0       0       0       7      1      0      0       0    0   0M
      10        0       0       0      18      1      0      0       0    0   0M
      12        0       0       0      24      2      0      0       0    0   0M
       8        0       0       0       8      1      0      0       0    0   0M
       9        0       0       0       4      0      0      0       0    0   0M
      15        0       0       0      28      3      0      0       0    0   0M
       8        0       0       0      52      5      0      0       0    0   0M
      14        0       0       0      16      1      0      0       0    0   0M
      11        0       0       0       7      0      0      0       0    0   0M
      12        0       0       0       1      0      0      0       0    0   0M
      11        0       0       0      10      0      0      0       0    0   0M
       9        0       0       0      15      0      0      0       0    0   0M
       9        0       0       0      11      1      0      0       0    0   0M
      14        0       0       0      48      6      0      0       0    0   0M
      10        0       0       0       9      0      0      0       0    0   0M
      11        0       0       0      10      1      0      0       0    0   0M
       8        0       0       0       3      0      0      0       0    0   0M
      11        0       0       0      29      2      0      0       0    0   0M
      15        0       0       0      29      3      0      0       0    0   0M
      12        0       0       0      40      5      0      0       0    0   0M
