       0        0       0       0       0      0      0      0       0    0   0M
       3        3       0       0       0      0      0      0       0    0   0M
       0        1       0       0       0      0      0      0       0    0   0M
       0        0       0       0       0      0      0      0       0    0   0M
      13        0       0       0       0      0      0      0       0    0   0M
      36        0       0       0       0      0      0      0       0    0   0M
      36        0       0       0       0      0      0      0       0    0   0M
      35        0       0       0       0      0      0      0       0    0   0M
      36        0       0       0       0      0      0      0       0    0   0M
      35        0       0       0       0      0      0      0       0    0   0M
      36        0       0       0       0      0      0      0       0    0   0M
      36        0       0       0       0      0      0      0       0    0   0M
      30        0       0       0       0      0      0      0       0    0   0M
      37        0       0       0       0      0      0      0       0    0   0M
      40        0       0       0       0      0      0      0       0    0   0M
      34        0       0       0       0      0      0      0       0    0   0M
      36        0       0       0       0      0      0      0       0    0   0M
      40        0       0       0       0      0      0      0       0    0   0M
      35        0       0       0       0      0      0      0       0    0   0M
      41        0       0       0       0      0      0      0       0    0   0M
      37        0       0       0       0      0      0      0       0    0   0M
      36        0       0       0       0      0      0      0       0    0   0M
      37        0       0       0       0      0      0      0       0    0   0M
      38        0       0       0       0      0      0      0       0    0   0M
      30        0       0       0       0      0      0      0       0    0   0M
      37        0       0       0       0      0      0      0       0    0   0M
      35        0       0       0       0      0      0      0       0    0   0M
      38        0       0       0       0      0      0      0       0    0   0M
      33        0       0       0       0      0      0      0       0    0   0M
      32        0       0       0       0      0      0      0       0    0   0M
      31        0       0       0       0      0      0      0       0    0   0M
      37        0       0       0       0      0      0      0       0    0   0M
      31        0       0       0       0      0      0      0       0    0   0M
      39        0       0       0       0      0      0      0       0    0   0M
      31        0       0       0       0      0      0      0       0    0   0M
      36        0       0       0       0      0      0      0       0    0   0M
      31        0       0       0       0      0      0      0       0    0   0M
      35        0       0       0       0      0      0      0       0    0   0M
      40        0       0       0       0      0      0      0       0    0   0M
      35        0       0       0       0      0      0      0       0    0   0M
      35        0       0       0       0      0      0      0       0    0   0M
      42        0       0       0       0      0      0      0       0    0   0M
      39        0       0       0       0      0      0      0       0    0   0M
      41        0       0       0       0      0      0      0       0    0   0M
      35        0       0       0       0      0      0      0       0    0   0M
      33        0       0       0       0      0      0      0       0    0   0M
      34        0       0       0       0      0      0      0       0    0   0M
      34        0       0       0       0      0      0      0       0    0   0M
      37        0       0       0       0      0      0      0       0    0   0M
      31        0       0       0       0      0      0      0       0    0   0M
      34        0       0       0       0      0      0      0       0    0   0M
      33        0       0       0       0      0      0      0       0    0   0M
      32        0       0       0       0      0      0      0       0    0   0M
      38        0       0       0       0      0      0      0       0    0   0M
      37        0       0       0       0      0      0      0       0    0   0M
      38        0       0       0       0      0      0      0       0    0   0M
      34        0       0       0       0      0      0      0       0    0   0M
      34        0       0       0       0      0      0      0       0    0   0M
      33        0       0       0       0      0      0      0       0    0   0M
      43        0       0       0       0      0      0      0       0    0   0M
      39        0       0       0       0      0      0      0       0    0   0M
      40        0       0       0       0      0      0      0       0    0   0M
      28        0       0       0       0      0      0      0       0    0   0M
      34        0       0       0       0      0      0      0       0    0   0M
      33        0       0       0       0      0      0      0       0    0   0M
      35        0       0       0       0      0      0      0       0    0   0M
      40        0       0       0       0      0      0      0       0    0   0M
      28        0       0       0       0      0      0      0       0    0   0M
      38        0       0       0       0      0      0      0       0    0   0M
      37        0       0       0       0      0      0      0       0    0   0M
      39        0       0       0       0      0      0      0       0    0   0M
      38        0       0       0       0      0      0      0       0    0   0M
      40        0       0       0       0      0      0      0       0    0   0M
      35        0       0       0       0      0      0      0       0    0   0M
      40        0       0       0       0      0      0      0       0    0   0M
      33        0       0       0       0      0      0      0       0    0   0M
      38        0       0       0       0      0      0      0       0    0   0M
      36        0       0       0       0      0      0      0       0    0   0M
      39        0       0       0       0      0      0      0       0    0   0M
      38        0       0       0       0      0      0      0       0    0   0M
      36        0       0       0       0      0      0      0       0    0   0M
      38        0       0       0       0      0      0      0       0    0   0M
      38        0       0       0       0      0      0      0       0    0   0M
      35        0       0       0       0      0      0      0       0    0   0M
      36        0       0       0       0      0      0      0       0    0   0M
      38        0       0       0       0      0      0      0       0    0   0M
      32        0       0       0       0      0      0      0       0    0   0M
      37        0       0       0       0      0      0      0       0    0   0M
      39        0       0       0       0      0      0      0       0    0   0M
      30        0       0       0       0      0      0      0       0    0   0M
      29        0       0       0       0      0      0      0       0    0   0M
      31        0       0       0       0      0      0      0       0    0   0M
      34        0       0       0       0      0      0      0       0    0   0M
      33        0       0       0       0      0      0      0       0    0   0M
      34        0       0       0       0      0      0      0       0    0   0M
      37        0       0       0       0      0      0      0       0    0   0M
      41        0       0       0       0      0      0      0       0    0   0M
      36        0       0       0       0      0      0      0       0    0   0M
      36        0       0       0       0      0      0      0       0    0   0M
      36        0       0       0       0      0      0      0       0    0   0M
      38        0       0       0       0      0      0      0       0    0   0M
      30        0       0       0       0      0      0      0       0    0   0M
      31        0       0       0       0      0      0      0       0    0   0M
