       0        0       0       0       0      0      0      0       0    0   0M
       3        3       0       0       0      0      0      0       0    0   0M
       0        1       0       0       0      0      0      0       0    0   0M
       0        0       0       0       0      0      0      0       0    0   0M
       6        0       0       0      12      0      0      0       0    0   0M
      11        0       0       0      23      2      0      0       0    0   0M
      12        0       0       0       9      0      0      0       0    0   0M
       6        0       0       0       0      0      0      0       0    0   0M
      14        0       0       0      29      3      0      0       0    0   0M
      12        0       0       0      13      1      0      0       0    0   0M
       8        0       0       0      44      6      0      0       0    0   0M
       7        0       0       0      51      6      0      0       0    0   0M
      12        0       0       0      47      6      0      0       0    0   0M
      15        0       0       0      47      5      0      0       0    0   0M
      14        0       0       0      17      0      0      0       0    0   0M
      13        0       0       0      47      5      0      0       0    0   0M
      15        0       0       0      35      3      0      0       0    0   0M
      13        0       0       0      27      2      0      0       0    0   0M
      12        0       0       0      52      7      0      0       0    0   0M
      19        0       0       0      54      7      0      0       0    0   0M
       7        0       0       0      56      8      0      0       0    0   0M
       9        0       0       0      41      5      0      0       0    0   0M
       9        0       0       0      16      0      0      0       0    0   0M
      11        0       0       0      33      3      0      0       0    0   0M
      10        0       0       0      19      2      0      0       0    0   0M
       8        0       0       0      49      6      0      0       0    0   0M
       9        0       0       0      27      3      0      0       0    0   0M
       9        0       0       0      51      6      0      0       0    0   0M
      10        0       0       0      40      5      0      0       0    0   0M
      17        0       0       0      44      4      0      0       0    0   0M
       5        0       0       0      46      6      0      0       0    0   0M
      12        0       0       0      53      7      0      0       0    0   0M
      14        0       0       0       4      0      0      0       0    0   0M
      10        0       0       0      49      7      0      0       0    0   0M
      11        0       0       0      44      4      0      0       0    0   0M
      11        0       0       0      52      7      0      0       0    0   0M
      11        0       0       0      33      4      0      0       0    0   0M
      15        0       0       0      20      0      0      0       0    0   0M
      13        0       0       0      55      7      0      0       0    0   0M
      11        0       0       0      44      5      0      0       0    0   0M
      12        0       0       0      22      1      0      0       0    0   0M
      11        0       0       0       1      0      0      0       0    0   0M
      11        0       0       0      18      2      0      0       0    0   0M
      17        0       0       0      29      4      0      0       0    0   0M
       8        0       0       0      56      7      0      0       0    0   0M
       9        0       0       0      55      8      0      0       0    0   0M
      14        0       0       0      56      7      0      0       0    0   0M
      18        0       0       0      26      2      0      0       0    0   0M
      15        0       0       0      17      1      0      0       0    0   0M
      16        0       0       0      30      3      0      0       0    0   0M
      21        0       0       0      57      6      0      0       0    0   0M
       7        0       0       0      50      7      0      0       0    0   0M
      14        0       0       0      17      1      0      0       0    0   0M
      12        0       0       0      38      5      0      0       0    0   0M
      10        0       0       0      28      3      0      0       0    0   0M
       9        0       0       0      16      1      0      0       0    0   0M
      12        0       0       0      44      6      0      0       0    0   0M
      10        0       0       0      58      8      0      0       0    0   0M
      11        0       0       0      57      6      0      0       0    0   0M
      13        0       0       0      41      4      0      0       0    0   0M
       9        0       0       0      15      1      0      0       0    0   0M
       5        0       0       0       9      0      0      0       0    0   0M
      13        0       0       0      43      6      0      0       0    0   0M
       7        0       0       0      39      4      0      0       0    0   0M
       9        0       0       0      16      1      0      0       0    0   0M
      12        0       0       0      12      1      0      0       0    0   0M
      11        0       0       0      44      5      0      0       0    0   0M
      11        0       0       0      20      3      0      0       0    0   0M
       5        0       0       0       8      1      0      0       0    0   0M
      13        0       0       0      42      5      0      0       0    0   0M
       9        0       0       0      25      3      0      0       0    0   0M
      11        0       0       0      44      6      0      0       0    0   0M
       8        0       0       0      17      1      0      0       0    0   0M
      10        0       0       0      17      1      0      0       0    0   0M
       7        0       0       0      13      0      0      0       0    0   0M
      10        0       0       0      27      1      0      0       0    0   0M
      12        0       0       0      20      2      0      0       0    0   0M
       9        0       0       0      22      1      0      0       0    0   0M
      12        0       0       0      58      8      0      0       0    0   0M
       7        0       0       0      58      7      0      0       0    0   0M
      13        0       0       0      56      7      0      0       0    0   0M
      10        0       0       0      58      8      0      0       0    0   0M
       7        0       0       0       8      0      0      0       0    0   0M
       7        0       0       0      31      4      0      0       0    0   0M
      10        0       0       0       7      0      0      0       0    0   0M
      12        0       0       0      23      2      0      0       0    0   0M
      17        0       0       0      44      3      0      0       0    0   0M
       9        0       0       0      28      3      0      0       0    0   0M
      18        0       0       0      17      1      0      0       0    0   0M
       7        0       0       0      31      4      0      0       0    0   0M
       8        0       0       0      27      3      0      0       0    0   0M
       8        0       0       0      11      1      0      0       0    0   0M
      18        0       0       0      33      2      0      0       0    0   0M
      14        0       0       0       7      0      0      0       0    0   0M
      10        0       0       0      22      2      0      0       0    0   0M
      10        0       0       0      31      4      0      0       0    0   0M
       8        0       0       0      23      2      0      0       0    0   0M
      10        0       0       0      52      5      0      0       0    0   0M
      15        0       0       0      26      2      0      0       0    0   0M
      14        0       0       0      22      1      0      0       0    0   0M
      14        0       0       0      35      4      0      0       0    0   0M
       9        0       0       0      25      2      0      0       0    0   0M
       7        0       0       0      46      6      0      0       0    0   0M
