       0        0       0       0       0      0      0      0       0    0   0M
       2        2       0       0       0      0      0      0       0    0   0M
       2        1       0       0       0      0      0      0       0    0   0M
       0        0       0       0       0      0      0      0       0    0   0M
       0       27       0       0       0      0      0      0       0    0   0M
       0       55       0       0       0      0      0      0       0    0   0M
       0       56       0       0       0      0      0      0       0    0   0M
       0       59       0       0       0      0      0      0       0    0   0M
       0       54       0       0       0      0      0      0       0    0   0M
       0       55       0       0       0      0      0      0       0    0   0M
       0       55       0       0       0      0      0      0       0    0   0M
       0       51       0       0       0      0      0      0       0    0   0M
       0       57       0       0       0      0      0      0       0    0   0M
       0       54       0       0       0      0      0      0       0    0   0M
       0       51       0       0       0      0      0      0       0    0   0M
       0       50       0       0       0      0      0      0       0    0   0M
       0       53       0       0       0      0      0      0       0    0   0M
       0       53       0       0       0      0      0      0       0    0   0M
       0       51       0       0       0      0      0      0       0    0   0M
       0       50       0       0       0      0      0      0       0    0   0M
       0       53       0       0       0      0      0      0       0    0   0M
       0       52       0       0       0      0      0      0       0    0   0M
       0       53       0       0       0      0      0      0       0    0   0M
       0       56       0       0       0      0      0      0       0    0   0M
       0       57       0       0       0      0      0      0       0    0   0M
       0       53       0       0       0      0      0      0       0    0   0M
       0       52       0       0       0      0      0      0       0    0   0M
       0       54       0       0       0      0      0      0       0    0   0M
       0       52       0       0       0      0      0      0       0    0   0M
       0       54       0       0       0      0      0      0       0    0   0M
       0       54       0       0       0      0      0      0       0    0   0M
       0       56       0       0       0      0      0      0       0    0   0M
       0       52       0       0       0      0      0      0       0    0   0M
       0       52       0       0       0      0      0      0       0    0   0M
       0       51       0       0       0      0      0      0       0    0   0M
       0       50       0       0       0      0      0      0       0    0   0M
       0       52       0       0       0      0      0      0       0    0   0M
       0       55       0       0       0      0      0      0       0    0   0M
       0       54       0       0       0      0      0      0       0    0   0M
       0       52       0       0       0      0      0      0       0    0   0M
       0       52       0       0       0      0      0      0       0    0   0M
       0       49       0       0       0      0      0      0       0    0   0M
       0       57       0       0       0      0      0      0       0    0   0M
       0       55       0       0       0      0      0      0       0    0   0M
       0       53       0       0       0      0      0      0       0    0   0M
       0       57       0       0       0      0      0      0       0    0   0M
       0       49       0       0       0      0      0      0       0    0   0M
       0       57       0       0       0      0      0      0       0    0   0M
       0       52       0       0       0      0      0      0       0    0   0M
       0       52       0       0       0      0      0      0       0    0   0M
       0       52       0       0       0      0      0      0       0    0   0M
       0       56       0       0       0      0      0      0       0    0   0M
       0       51       0       0       0      0      0      0       0    0   0M
       0       50       0       0       0      0      0      0       0    0   0M
       0       55       0       0       0      0      0      0       0    0   0M
       0       51       0       0       0      0      0      0       0    0   0M
       0       57       0       0       0      0      0      0       0    0   0M
       0       53       0       0       0      0      0      0       0    0   0M
       0       52       0       0       0      0      0      0       0    0   0M
       0       51       0       0       0      0      0      0       0    0   0M
       0       53       0       0       0      0      0      0       0    0   0M
       0       55       0       0       0      0      0      0       0    0   0M
       0       50       0       0       0      0      0      0       0    0   0M
       0       55       0       0       0      0      0      0       0    0   0M
       0       54       0       0       0      0      0      0       0    0   0M
       0       51       0       0       0      0      0      0       0    0   0M
       0       54       0       0       0      0      0      0       0    0   0M
       0       47       0       0       0      0      0      0       0    0   0M
       0       53       0       0       0      0      0      0       0    0   0M
       0       52       0       0       0      0      0      0       0    0   0M
       0       56       0       0       0      0      0      0       0    0   0M
       0       59       0       0       0      0      0      0       0    0   0M
       0       55       0       0       0      0      0      0       0    0   0M
       0       55       0       0       0      0      0      0       0    0   0M
       0       49       0       0       0      0      0      0       0    0   0M
       0       54       0       0       0      0      0      0       0    0   0M
       0       54       0       0       0      0      0      0       0    0   0M
       0       51       0       0       0      0      0      0       0    0   0M
       0       57       0       0       0      0      0      0       0    0   0M
       0       57       0       0       0      0      0      0       0    0   0M
       0       50       0       0       0      0      0      0       0    0   0M
       0       56       0       0       0      0      0      0       0    0   0M
       0       49       0       0       0      0      0      0       0    0   0M
       0       57       0       0       0      0      0      0       0    0   0M
       0       55       0       0       0      0      0      0       0    0   0M
       0       54       0       0       0      0      0      0       0    0   0M
       0       54       0       0       0      0      0      0       0    0   0M
       0       53       0       0       0      0      0      0       0    0   0M
       0       54       0       0       0      0      0      0       0    0   0M
       0       52       0       0       0      0      0      0       0    0   0M
       0       55       0       0       0      0      0      0       0    0   0M
       0       55       0       0       0      0      0      0       0    0   0M
       0       54       0       0       0      0      0      0       0    0   0M
       0       51       0       0       0      0      0      0       0    0   0M
       0       55       0       0       0      0      0      0       0    0   0M
       0       56       0       0       0      0      0      0       0    0   0M
       0       56       0       0       0      0      0      0       0    0   0M
       0       52       0       0       0      0      0      0       0    0   0M
       0       53       0       0       0      0      0      0       0    0   0M
       0       57       0       0       0      0      0      0       0    0   0M
       0       55       0       0       0      0      0      0       0    0   0M
       0       56       0       0       0      0      0      0       0    0   0M
       0       50       0       0       0      0      0      0       0    0   0M
