       0        0       0       0       0      0      0      0       0    0   0M
       2        2       0       0       0      0      0      0       0    0   0M
       1        2       0       0       0      0      0      0       0    0   0M
       0        0       0       0       0      0      0      0       0    0   0M
      28        0       0       0       0      0      0      0       0    0   0M
      55        0       0       0       0      0      0      0       0    0   0M
      56        0       0       0       0      0      0      0       0    0   0M
      59        0       0       0       0      0      0      0       0    0   0M
      54        0       0       0       0      0      0      0       0    0   0M
      55        0       0       0       0      0      0      0       0    0   0M
      55        0       0       0       0      0      0      0       0    0   0M
      51        0       0       0       0      0      0      0       0    0   0M
      57        0       0       0       0      0      0      0       0    0   0M
      54        0       0       0       0      0      0      0       0    0   0M
      50        0       0       0       0      0      0      0       0    0   0M
      51        0       0       0       0      0      0      0       0    0   0M
      53        0       0       0       0      0      0      0       0    0   0M
      52        0       0       0       0      0      0      0       0    0   0M
      51        0       0       0       0      0      0      0       0    0   0M
      51        0       0       0       0      0      0      0       0    0   0M
      53        0       0       0       0      0      0      0       0    0   0M
      52        0       0       0       0      0      0      0       0    0   0M
      53        0       0       0       0      0      0      0       0    0   0M
      56        0       0       0       0      0      0      0       0    0   0M
      57        0       0       0       0      0      0      0       0    0   0M
      52        0       0       0       0      0      0      0       0    0   0M
      53        0       0       0       0      0      0      0       0    0   0M
      53        0       0       0       0      0      0      0       0    0   0M
      53        0       0       0       0      0      0      0       0    0   0M
      54        0       0       0       0      0      0      0       0    0   0M
      54        0       0       0       0      0      0      0       0    0   0M
      56        0       0       0       0      0      0      0       0    0   0M
      52        0       0       0       0      0      0      0       0    0   0M
      52        0       0       0       0      0      0      0       0    0   0M
      51        0       0       0       0      0      0      0       0    0   0M
      50        0       0       0       0      0      0      0       0    0   0M
      52        0       0       0       0      0      0      0       0    0   0M
      54        0       0       0       0      0      0      0       0    0   0M
      54        0       0       0       0      0      0      0       0    0   0M
      53        0       0       0       0      0      0      0       0    0   0M
      51        0       0       0       0      0      0      0       0    0   0M
      50        0       0       0       0      0      0      0       0    0   0M
      57        0       0       0       0      0      0      0       0    0   0M
      54        0       0       0       0      0      0      0       0    0   0M
      54        0       0       0       0      0      0      0       0    0   0M
      57        0       0       0       0      0      0      0       0    0   0M
      48        0       0       0       0      0      0      0       0    0   0M
      57        0       0       0       0      0      0      0       0    0   0M
      53        0       0       0       0      0      0      0       0    0   0M
      52        0       0       0       0      0      0      0       0    0   0M
      52        0       0       0       0      0      0      0       0    0   0M
      55        0       0       0       0      0      0      0       0    0   0M
      52        0       0       0       0      0      0      0       0    0   0M
      50        0       0       0       0      0      0      0       0    0   0M
      55        0       0       0       0      0      0      0       0    0   0M
      51        0       0       0       0      0      0      0       0    0   0M
      57        0       0       0       0      0      0      0       0    0   0M
      53        0       0       0       0      0      0      0       0    0   0M
      52        0       0       0       0      0      0      0       0    0   0M
      51        0       0       0       0      0      0      0       0    0   0M
      53        0       0       0       0      0      0      0       0    0   0M
      55        0       0       0       0      0      0      0       0    0   0M
      50        0       0       0       0      0      0      0       0    0   0M
      55        0       0       0       0      0      0      0       0    0   0M
      54        0       0       0       0      0      0      0       0    0   0M
      51        0       0       0       0      0      0      0       0    0   0M
      54        0       0       0       0      0      0      0       0    0   0M
      46        0       0       0       0      0      0      0       0    0   0M
      54        0       0       0       0      0      0      0       0    0   0M
      52        0       0       0       0      0      0      0       0    0   0M
      56        0       0       0       0      0      0      0       0    0   0M
      58        0       0       0       0      0      0      0       0    0   0M
      55        0       0       0       0      0      0      0       0    0   0M
      55        0       0       0       0      0      0      0       0    0   0M
      50        0       0       0       0      0      0      0       0    0   0M
      54        0       0       0       0      0      0      0       0    0   0M
      54        0       0       0       0      0      0      0       0    0   0M
      50        0       0       0       0      0      0      0       0    0   0M
      58        0       0       0       0      0      0      0       0    0   0M
      57        0       0       0       0      0      0      0       0    0   0M
      50        0       0       0       0      0      0      0       0    0   0M
      56        0       0       0       0      0      0      0       0    0   0M
      49        0       0       0       0      0      0      0       0    0   0M
      57        0       0       0       0      0      0      0       0    0   0M
      55        0       0       0       0      0      0      0       0    0   0M
      54        0       0       0       0      0      0      0       0    0   0M
      54        0       0       0       0      0      0      0       0    0   0M
      53        0       0       0       0      0      0      0       0    0   0M
      54        0       0       0       0      0      0      0       0    0   0M
      52        0       0       0       0      0      0      0       0    0   0M
      55        0       0       0       0      0      0      0       0    0   0M
      55        0       0       0       0      0      0      0       0    0   0M
      53        0       0       0       0      0      0      0       0    0   0M
      51        0       0       0       0      0      0      0       0    0   0M
      56        0       0       0       0      0      0      0       0    0   0M
      55        0       0       0       0      0      0      0       0    0   0M
      57        0       0       0       0      0      0      0       0    0   0M
      52        0       0       0       0      0      0      0       0    0   0M
      53        0       0       0       0      0      0      0       0    0   0M
      57        0       0       0       0      0      0      0       0    0   0M
      54        0       0       0       0      0      0      0       0    0   0M
      57        0       0       0       0      0      0      0       0    0   0M
      49        0       0       0       0      0      0      0       0    0   0M
