       0        0       0       0       0      0      0      0       0    0   0M
       3        3       0       0       0      0      2      0       0    0   0M
       0        0       0       0       0      0      0      0       0    0   0M
       0        0       0       0       0      0      0      0       0    0   0M
       9        0       0       0      21      2      0      0       0    0   0M
      14        0       0       0      17      1      0      0       0    0   0M
      13        0       0       0      25      2      0      0       0    0   0M
      14        0       0       0       9      0      0      0       0    0   0M
      13        0       0       0      16      1      0      0       0    0   0M
      10        0       0       0      15      0      0      0       0    0   0M
      10        0       0       0      38      5      0      0       0    0   0M
      13        0       0       0      15      1      0      0       0    0   0M
      12        0       0       0      16      0      0      0       0    0   0M
       7        0       0       0      33      5      0      0       0    0   0M
      11        0       0       0       9      1      0      0       0    0   0M
       7        0       0       0      17      2      0      0       0    0   0M
       6        0       0       0      11      1      0      0       0    0   0M
      12        0       0       0      12      0      0      0       0    0   0M
      12        0       0       0      13      1      0      0       0    0   0M
      10        0       0       0      29      2      0      0       0    0   0M
      10        0       0       0      28      4      0      0       0    0   0M
      13        0       0       0      15      0      0      0       0    0   0M
       7        0       0       0       8      0      0      0       0    0   0M
      10        0       0       0      18      1      0      0       0    0   0M
       8        0       0       0       5      0      0      0       0    0   0M
      10        0       0       0       9      1      0      0       0    0   0M
       8        0       0       0       3      0      0      0       0    0   0M
      10        0       0       0       5      0      0      0       0    0   0M
       8        0       0       0       9      1      0      0       0    0   0M
      17        0       0       0      29      2      0      0       0    0   0M
       7        0       0       0       2      0      0      0       0    0   0M
      13        0       0       0      18      0      0      0       0    0   0M
      11        0       0       0      20      2      0      0       0    0   0M
      13        0       0       0      22      2      0      0       0    0   0M
      14        0       0       0      16      1      0      0       0    0   0M
       5        0       0       0      20      2      0      0       0    0   0M
       6        0       0       0      13      1      0      0       0    0   0M
       8        0       0       0      25      2      0      0       0    0   0M
      12        0       0       0      18      1      0      0       0    0   0M
       9        0       0       0      38      4      0      0       0    0   0M
      11        0       0       0      21      2      0      0       0    0   0M
      11        0       0       0       8      1      0      0       0    0   0M
       6        0       0       0      13      1      0      0       0    0   0M
      13        0       0       0      18      1      0      0       0    0   0M
      14        0       0       0      15      1      0      0       0    0   0M
      11        0       0       0       9      0      0      0       0    0   0M
       9        0       0       0      12      1      0      0       0    0   0M
      14        0       0       0      11      0      0      0       0    0   0M
      16        0       0       0      35      4      0      0       0    0   0M
      13        0       0       0      25      2      0      0       0    0   0M
      14        0       0       0      33      2      0      0       0    0   0M
      12        0       0       0      16      1      0      0       0    0   0M
       9        0       0       0      16      2      0      0       0    0   0M
      10        0       0       0      13      1      0      0       0    0   0M
      11        0       0       0      17      2      0      0       0    0   0M
      11        0       0       0      13      1      0      0       0    0   0M
       8        0       0       0       2      0      0      0       0    0   0M
      12        0       0       0      53      6      0      0       0    0   0M
      11        0       0       0       6      0      0      0       0    0   0M
      11        0       0       0      14      1      0      0       0    0   0M
      10        0       0       0       2      0      0      0       0    0   0M
      11        0       0       0      11      0      0      0       0    0   0M
       9        0       0       0      27      2      0      0       0    0   0M
      14        0       0       0      24      1      0      0       0    0   0M
      16        0       0       0      32      1      0      0       0    0   0M
      10        0       0       0       7      1      0      0       0    0   0M
      10        0       0       0      22      2      0      0       0    0   0M
      11        0       0       0      18      0      0      0       0    0   0M
      12        0       0       0      22      1      0      0       0    0   0M
      10        0       0       0      16      0      0      0       0    0   0M
      13        0       0       0      34      4      0      0       0    0   0M
      13        0       0       0      11      1      0      0       0    0   0M
       5        0       0       0      28      3      0      0       0    0   0M
      10        0       0       0      23      1      0      0       0    0   0M
       9        0       0       0      12      1      0      0       0    0   0M
      11        0       0       0       8      0      0      0       0    0   0M
      14        0       0       0       5      0      0      0       0    0   0M
      10        0       0       0       6      0      0      0       0    0   0M
      10        0       0       0       1      0      0      0       0    0   0M
      13        0       0       0       8      1      0      0       0    0   0M
      15        0       0       0      12      0      0      0       0    0   0M
       7        0       0       0      24      3      0      0       0    0   0M
      10        0       0       0      24      2      0      0       0    0   0M
      13        0       0       0      38      6      0      0       0    0   0M
       9        0       0       0      22      2      0      0       0    0   0M
       9        0       0       0      12      0      0      0       0    0   0M
       3        0       0       0       1      0      0      0       0    0   0M
      11        0       0       0      48      6      0      0       0    0   0M
      13        0       0       0      29      4      0      0       0    0   0M
      10        0       0       0      12      0      0      0       0    0   0M
      10        0       0       0       4      0      0      0       0    0   0M
      11        0       0       0       2      0      0      0       0    0   0M
      12        0       0       0      10      0      0      0       0    0   0M
       6        0       0       0       3      0      0      0       0    0   0M
      12        0       0       0      20      1      0      0       0    0   0M
       7        0       0       0      14      1      0      0       0    0   0M
      10        0       0       0      27      3      0      0       0    0   0M
      11        0       0       0      15      1      0      0       0    0   0M
       9        0       0       0      16      0      0      0       0    0   0M
      10        0       0       0      13      2      0      0       0    0   0M
      13        0       0       0      41      4      0      0       0    0   0M
       9        0       0       0      50      6      0      0       0    0   0M
      11        0       0       0      14      1      0      0       0    0   0M
