       0        0       0       0       0      0      0      0       0    0   0M
       3        4       0       0       0      0      0      0       0    0   0M
       0        0       0       0       0      0      0      0       0    0   0M
       0        0       0       0       0      0      0      0       0    0   0M
       5        0       0       0       4      0      0      0       0    0   0M
       9        0       0       0      40      2      0      0       0    0   0M
      16        0       0       0      50      5      0      0       0    0   0M
      11        0       0       0      52      3      0      0       0    0   0M
      10        0       0       0      35      3      0      0       0    0   0M
       9        0       0       0      23      1      0      0       0    0   0M
      11        0       0       0      42      2      0      0       0    0   0M
      12        0       0       0      36      2      0      0       0    0   0M
      17        0       0       0      53      5      0      0       0    0   0M
      10        0       0       0      41      3      0      0       0    0   0M
      10        0       0       0      43      3      0      0       0    0   0M
      14        0       0       0      42      4      0      0       0    0   0M
      14        0       0       0      43      2      0      0       0    0   0M
      12        0       0       0      40      4      0      0       0    0   0M
      10        0       0       0      34      2      0      0       0    0   0M
      12        0       0       0      33      2      0      0       0    0   0M
      15        0       0       0      54      4      0      0       0    0   0M
      10        0       0       0      47      2      0      0       0    0   0M
       8        0       0       0      20      0      0      0       0    0   0M
       8        0       0       0      32      2      0      0       0    0   0M
      12        0       0       0      48      5      0      0       0    0   0M
      11        0       0       0      29      0      0      0       0    0   0M
       9        0       0       0      37      2      0      0       0    0   0M
       7        0       0       0      15      0      0      0       0    0   0M
      11        0       0       0      33      3      0      0       0    0   0M
       9        0       0       0      31      2      0      0       0    0   0M
      17        0       0       0      51      3      0      0       0    0   0M
      13        0       0       0      53      5      0      0       0    0   0M
      14        0       0       0      54      4      0      0       0    0   0M
      13        0       0       0      49      3      0      0       0    0   0M
      13        0       0       0      45      4      0      0       0    0   0M
      14        0       0       0      40      2      0      0       0    0   0M
      10        0       0       0      43      5      0      0       0    0   0M
      12        0       0       0      36      4      0      0       0    0   0M
       6        0       0       0      29      2      0      0       0    0   0M
      15        0       0       0      46      4      0      0       0    0   0M
       9        0       0       0      36      3      0      0       0    0   0M
       8        0       0       0      43      5      0      0       0    0   0M
      10        0       0       0      37      4      0      0       0    0   0M
      12        0       0       0      45      2      0      0       0    0   0M
      15        0       0       0      33      3      0      0       0    0   0M
      10        0       0       0      47      5      0      0       0    0   0M
      10        0       0       0      27      2      0      0       0    0   0M
      16        0       0       0      50      5      0      0       0    0   0M
       9        0       0       0      33      1      0      0       0    0   0M
      11        0       0       0      39      4      0      0       0    0   0M
      11        0       0       0      38      4      0      0       0    0   0M
      16        0       0       0      45      3      0      0       0    0   0M
      12        0       0       0      36      4      0      0       0    0   0M
      13        0       0       0      39      4      0      0       0    0   0M
       8        0       0       0      20      1      0      0       0    0   0M
       8        0       0       0      23      3      0      0       0    0   0M
      14        0       0       0      31      2      0      0       0    0   0M
       8        0       0       0      29      3      0      0       0    0   0M
       9        0       0       0      30      3      0      0       0    0   0M
      11        0       0       0      27      2      0      0       0    0   0M
      11        0       0       0      30      2      0      0       0    0   0M
      11        0       0       0      31      2      0      0       0    0   0M
       9        0       0       0      27      3      0      0       0    0   0M
      10        0       0       0      40      3      0      0       0    0   0M
      14        0       0       0      44      4      0      0       0    0   0M
       7        0       0       0      48      6      0      0       0    0   0M
       9        0       0       0      35      3      0      0       0    0   0M
      12        0       0       0      37      2      0      0       0    0   0M
      12        0       0       0      42      3      0      0       0    0   0M
      10        0       0       0      39      2      0      0       0    0   0M
      13        0       0       0      46      4      0      0       0    0   0M
      13        0       0       0      42      3      0      0       0    0   0M
      14        0       0       0      45      3      0      0       0    0   0M
      11        0       0       0      40      2      0      0       0    0   0M
      12        0       0       0      44      3      0      0       0    0   0M
      10        0       0       0      48      5      0      0       0    0   0M
      10        0       0       0      38      3      0      0       0    0   0M
      10        0       0       0      15      1      0      0       0    0   0M
      12        0       0       0      30      2      0      0       0    0   0M
      10        0       0       0      49      4      0      0       0    0   0M
       9        0       0       0      34      3      0      0       0    0   0M
      12        0       0       0      42      5      0      0       0    0   0M
      12        0       0       0      32      2      0      0       0    0   0M
      12        0       0       0      47      3      0      0       0    0   0M
      13        0       0       0      39      2      0      0       0    0   0M
      13        0       0       0      51      5      0      0       0    0   0M
      13        0       0       0      41      3      0      0       0    0   0M
      14        0       0       0      15      0      0      0       0    0   0M
       9        0       0       0      39      3      0      0       0    0   0M
      11        0       0       0      27      4      0      0       0    0   0M
      11        0       0       0      30      1      0      0       0    0   0M
      13        0       0       0      45      6      0      0       0    0   0M
      16        0       0       0      46      5      0      0       0    0   0M
       9        0       0       0      30      2      0      0       0    0   0M
      11        0       0       0      35      4      0      0       0    0   0M
      14        0       0       0      51      5      0      0       0    0   0M
      15        0       0       0      51      2      0      0       0    0   0M
       9        0       0       0      45      3      0      0       0    0   0M
      16        0       0       0      44      3      0      0       0    0   0M
      14        0       0       0      42      5      0      0       0    0   0M
      12        0       0       0      51      4      0      0       0    0   0M
       6        0       0       0      29      4      0      0       0    0   0M
      11        0       0       0      37      3      0      0       0    0   0M
