       0        0       0       0       0      0      0      0       0    0   0M
       3        4       0       0       0      0      0      0       0    0   0M
       0        0       0       0       0      0      0      0       0    0   0M
       0        0       0       0       0      0      0      0       0    0   0M
      31        0       0       0       0      0      0      0       0    0   0M
      67        0       0       0       0      0      0      0       0    0   0M
      63        0       0       0       0      0      0      0       0    0   0M
      63        0       0       0       0      0      0      0       0    0   0M
      66        0       0       0       0      0      0      0       0    0   0M
      61        0       0       0       0      0      0      0       0    0   0M
      63        0       0       0       0      0      0      0       0    0   0M
      62        0       0       0       0      0      0      0       0    0   0M
      66        0       0       0       0      0      0      0       0    0   0M
      66        0       0       0       0      0      0      0       0    0   0M
      61        0       0       0       0      0      0      0       0    0   0M
      60        0       0       0       0      0      0      0       0    0   0M
      61        0       0       0       0      0      0      0       0    0   0M
      65        0       0       0       0      0      0      0       0    0   0M
      63        0       0       0       0      0      0      0       0    0   0M
      63        0       0       0       0      0      0      0       0    0   0M
      64        0       0       0       0      0      0      0       0    0   0M
      65        0       0       0       0      0      0      0       0    0   0M
      63        0       0       0       0      0      0      0       0    0   0M
      66        0       0       0       0      0      0      0       0    0   0M
      62        0       0       0       0      0      0      0       0    0   0M
      66        0       0       0       0      0      0      0       0    0   0M
      68        0       0       0       0      0      0      0       0    0   0M
      64        0       0       0       0      0      0      0       0    0   0M
      63        0       0       0       0      0      0      0       0    0   0M
      64        0       0       0       0      0      0      0       0    0   0M
      63        0       0       0       0      0      0      0       0    0   0M
      66        0       0       0       0      0      0      0       0    0   0M
      64        0       0       0       0      0      0      0       0    0   0M
      65        0       0       0       0      0      0      0       0    0   0M
      66        0       0       0       0      0      0      0       0    0   0M
      64        0       0       0       0      0      0      0       0    0   0M
      59        0       0       0       0      0      0      0       0    0   0M
      61        0       0       0       0      0      0      0       0    0   0M
      63        0       0       0       0      0      0      0       0    0   0M
      65        0       0       0       0      0      0      0       0    0   0M
      61        0       0       0       0      0      0      0       0    0   0M
      62        0       0       0       0      0      0      0       0    0   0M
      62        0       0       0       0      0      0      0       0    0   0M
      62        0       0       0       0      0      0      0       0    0   0M
      63        0       0       0       0      0      0      0       0    0   0M
      63        0       0       0       0      0      0      0       0    0   0M
      61        0       0       0       0      0      0      0       0    0   0M
      64        0       0       0       0      0      0      0       0    0   0M
      66        0       0       0       0      0      0      0       0    0   0M
      64        0       0       0       0      0      0      0       0    0   0M
      60        0       0       0       0      0      0      0       0    0   0M
      62        0       0       0       0      0      0      0       0    0   0M
      65        0       0       0       0      0      0      0       0    0   0M
      66        0       0       0       0      0      0      0       0    0   0M
      62        0       0       0       0      0      0      0       0    0   0M
      63        0       0       0       0      0      0      0       0    0   0M
      61        0       0       0       0      0      0      0       0    0   0M
      66        0       0       0       0      0      0      0       0    0   0M
      62        0       0       0       0      0      0      0       0    0   0M
      68        0       0       0       0      0      0      0       0    0   0M
      64        0       0       0       0      0      0      0       0    0   0M
      65        0       0       0       0      0      0      0       0    0   0M
      59        0       0       0       0      0      0      0       0    0   0M
      62        0       0       0       0      0      0      0       0    0   0M
      66        0       0       0       0      0      0      0       0    0   0M
      65        0       0       0       0      0      0      0       0    0   0M
      66        0       0       0       0      0      0      0       0    0   0M
      63        0       0       0       0      0      0      0       0    0   0M
      64        0       0       0       0      0      0      0       0    0   0M
      64        0       0       0       0      0      0      0       0    0   0M
      64        0       0       0       0      0      0      0       0    0   0M
      64        0       0       0       0      0      0      0       0    0   0M
      64        0       0       0       0      0      0      0       0    0   0M
      61        0       0       0       0      0      0      0       0    0   0M
      66        0       0       0       0      0      0      0       0    0   0M
      64        0       0       0       0      0      0      0       0    0   0M
      65        0       0       0       0      0      0      0       0    0   0M
      63        0       0       0       0      0      0      0       0    0   0M
      65        0       0       0       0      0      0      0       0    0   0M
      62        0       0       0       0      0      0      0       0    0   0M
      63        0       0       0       0      0      0      0       0    0   0M
      62        0       0       0       0      0      0      0       0    0   0M
      62        0       0       0       0      0      0      0       0    0   0M
      59        0       0       0       0      0      0      0       0    0   0M
      62        0       0       0       0      0      0      0       0    0   0M
      64        0       0       0       0      0      0      0       0    0   0M
      66        0       0       0       0      0      0      0       0    0   0M
      64        0       0       0       0      0      0      0       0    0   0M
      62        0       0       0       0      0      0      0       0    0   0M
      62        0       0       0       0      0      0      0       0    0   0M
      66        0       0       0       0      0      0      0       0    0   0M
      59        0       0       0       0      0      0      0       0    0   0M
      64        0       0       0       0      0      0      0       0    0   0M
      65        0       0       0       0      0      0      0       0    0   0M
      64        0       0       0       0      0      0      0       0    0   0M
      65        0       0       0       0      0      0      0       0    0   0M
      65        0       0       0       0      0      0      0       0    0   0M
      62        0       0       0       0      0      0      0       0    0   0M
      62        0       0       0       0      0      0      0       0    0   0M
      63        0       0       0       0      0      0      0       0    0   0M
      64        0       0       0       0      0      0      0       0    0   0M
      63        0       0       0       0      0      0      0       0    0   0M
      62        0       0       0       0      0      0      0       0    0   0M
