       0        0       0       0       0      0      0      0       0    0   0M
       1        1       0       0       0      0      0      0       0    0   0M
       3        3       0       0       0      0      0      0       0    0   0M
       0        0       0       0       0      0      0      0       0    0   0M
      10        0       0       0       9      1      0      0       0    0   0M
      13        0       0       0       9      0      0      0       0    0   0M
      10        0       0       0      21      1      0      0       0    0   0M
       9        0       0       0      15      1      0      0       0    0   0M
      14        0       0       0      10      0      0      0       0    0   0M
      21        0       0       0      25      2      0      0       0    0   0M
      17        0       0       0      28      2      0      0       0    0   0M
      11        0       0       0      49      6      0      0       0    0   0M
      10        0       0       0      54      6      0      0       0    0   0M
      13        0       0       0      23      3      0      0       0    0   0M
      17        0       0       0      23      0      0      0       0    0   0M
      10        0       0       0       7      0      0      0       0    0   0M
      16        0       0       0      10      0      0      0       0    0   0M
       5        0       0       0       0      0      0      0       0    0   0M
      16        0       0       0      31      4      0      0       0    0   0M
       9        0       0       0      26      2      0      0       0    0   0M
      13        0       0       0      54      7      0      0       0    0   0M
      10        0       0       0      57      8      0      0       0    0   0M
      12        0       0       0      32      2      0      0       0    0   0M
       8        0       0       0      18      2      0      0       0    0   0M
      11        0       0       0      37      4      0      0       0    0   0M
      12        0       0       0      55      8      0      0       0    0   0M
       8        0       0       0      27      2      0      0       0    0   0M
       7        0       0       0      44      7      0      0       0    0   0M
      10        0       0       0      47      6      0      0       0    0   0M
      12        0       0       0      57      7      0      0       0    0   0M
       9        0       0       0      48      6      0      0       0    0   0M
      10        0       0       0      33      3      0      0       0    0   0M
      11        0       0       0      33      3      0      0       0    0   0M
      12        0       0       0      12      0      0      0       0    0   0M
      11        0       0       0      42      4      0      0       0    0   0M
      16        0       0       0      48      7      0      0       0    0   0M
      11        0       0       0      49      6      0      0       0    0   0M
      13        0       0       0      54      7      0      0       0    0   0M
      15        0       0       0      24      2      0      0       0    0   0M
       8        0       0       0      25      2      0      0       0    0   0M
      12        0       0       0      20      1      0      0       0    0   0M
       8        0       0       0      37      4      0      0       0    0   0M
       5        0       0       0      45      7      0      0       0    0   0M
       8        0       0       0      15      1      0      0       0    0   0M
       4        0       0       0      24      3      0      0       0    0   0M
      11        0       0       0      46      5      0      0       0    0   0M
      12        0       0       0      56      7      0      0       0    0   0M
      11        0       0       0      57      8      0      0       0    0   0M
      12        0       0       0      35      5      0      0       0    0   0M
      12        0       0       0      17      2      0      0       0    0   0M
      10        0       0       0      58      7      0      0       0    0   0M
       4        0       0       0      52      7      0      0       0    0   0M
       8        0       0       0      24      2      0      0       0    0   0M
      11        0       0       0      49      6      0      0       0    0   0M
      10        0       0       0      39      5      0      0       0    0   0M
      14        0       0       0      54      6      0      0       0    0   0M
      11        0       0       0      57      6      0      0       0    0   0M
      13        0       0       0      54      8      0      0       0    0   0M
       9        0       0       0      27      3      0      0       0    0   0M
      13        0       0       0      32      3      0      0       0    0   0M
       7        0       0       0      22      3      0      0       0    0   0M
      16        0       0       0      59      8      0      0       0    0   0M
       5        0       0       0      35      3      0      0       0    0   0M
      10        0       0       0      16      0      0      0       0    0   0M
      14        0       0       0      27      3      0      0       0    0   0M
       7        0       0       0      24      2      0      0       0    0   0M
      10        0       0       0      28      2      0      0       0    0   0M
       8        0       0       0      17      1      0      0       0    0   0M
       7        0       0       0      50      7      0      0       0    0   0M
      16        0       0       0      43      4      0      0       0    0   0M
       6        0       0       0      10      1      0      0       0    0   0M
      12        0       0       0      26      3      0      0       0    0   0M
      13        0       0       0      54      5      0      0       0    0   0M
       8        0       0       0      10      0      0      0       0    0   0M
      10        0       0       0       7      1      0      0       0    0   0M
      10        0       0       0      43      6      0      0       0    0   0M
       5        0       0       0      50      6      0      0       0    0   0M
      13        0       0       0      57      7      0      0       0    0   0M
       8        0       0       0      28      2      0      0       0    0   0M
      11        0       0       0      36      4      0      0       0    0   0M
      11        0       0       0      11      1      0      0       0    0   0M
      12        0       0       0      29      1      0      0       0    0   0M
       9        0       0       0       4      1      0      0       0    0   0M
      12        0       0       0      35      5      0      0       0    0   0M
      10        0       0       0      42      4      0      0       0    0   0M
       7        0       0       0      46      7      0      0       0    0   0M
      10        0       0       0      28      3      0      0       0    0   0M
      12        0       0       0      50      6      0      0       0    0   0M
      11        0       0       0      59      7      0      0       0    0   0M
      13        0       0       0      57      8      0      0       0    0   0M
      12        0       0       0      57      7      0      0       0    0   0M
      13        0       0       0      19      3      0      0       0    0   0M
      10        0       0       0       8      0      0      0       0    0   0M
      12        0       0       0      32      3      0      0       0    0   0M
       8        0       0       0      56      7      0      0       0    0   0M
       6        0       0       0      29      4      0      0       0    0   0M
      11        0       0       0      11      0      0      0       0    0   0M
      10        0       0       0      25      2      0      0       0    0   0M
      16        0       0       0      38      5      0      0       0    0   0M
      10        0       0       0      52      5      0      0       0    0   0M
       8        0       0       0      51      7      0      0       0    0   0M
       6        0       0       0      18      2      0      0       0    0   0M
       8        0       0       0      16      1      0      0       0    0   0M
