       0        0       0       0       0      0      0      0       0    0   0M
       2        2       0       0       0      0      0      0       0    0   0M
       1        2       0       0       0      0      0      0       0    0   0M
       0        0       0       0       0      0      0      0       0    0   0M
      14        0       0       0       0      0      0      0       0    0   0M
      28        0       0       0       0      0      0      0       0    0   0M
      25        0       0       0       0      0      0      0       0    0   0M
      31        0       0       0       0      0      0      0       0    0   0M
      30        0       0       0       0      0      0      0       0    0   0M
      36        0       0       0       0      0      0      0       0    0   0M
      29        0       0       0       0      0      0      0       0    0   0M
      28        0       0       0       0      0      0      0       0    0   0M
      34        0       0       0       0      0      0      0       0    0   0M
      33        0       0       0       0      0      0      0       0    0   0M
      28        0       0       0       0      0      0      0       0    0   0M
      35        0       0       0       0      0      0      0       0    0   0M
      29        0       0       0       0      0      0      0       0    0   0M
      29        0       0       0       0      0      0      0       0    0   0M
      32        0       0       0       0      0      0      0       0    0   0M
      28        0       0       0       0      0      0      0       0    0   0M
      34        0       0       0       0      0      0      0       0    0   0M
      29        0       0       0       0      0      0      0       0    0   0M
      32        0       0       0       0      0      0      0       0    0   0M
      30        0       0       0       0      0      0      0       0    0   0M
      31        0       0       0       0      0      0      0       0    0   0M
      35        0       0       0       0      0      0      0       0    0   0M
      33        0       0       0       0      0      0      0       0    0   0M
      34        0       0       0       0      0      0      0       0    0   0M
      32        0       0       0       0      0      0      0       0    0   0M
      32        0       0       0       0      0      0      0       0    0   0M
      34        0       0       0       0      0      0      0       0    0   0M
      28        0       0       0       0      0      0      0       0    0   0M
      24        0       0       0       0      0      0      0       0    0   0M
      37        0       0       0       0      0      0      0       0    0   0M
      33        0       0       0       0      0      0      0       0    0   0M
      31        0       0       0       0      0      0      0       0    0   0M
      34        0       0       0       0      0      0      0       0    0   0M
      30        0       0       0       0      0      0      0       0    0   0M
      23        0       0       0       0      0      0      0       0    0   0M
      35        0       0       0       0      0      0      0       0    0   0M
      27        0       0       0       0      0      0      0       0    0   0M
      38        0       0       0       0      0      0      0       0    0   0M
      29        0       0       0       0      0      0      0       0    0   0M
      25        0       0       0       0      0      0      0       0    0   0M
      23        0       0       0       0      0      0      0       0    0   0M
      31        0       0       0       0      0      0      0       0    0   0M
      27        0       0       0       0      0      0      0       0    0   0M
      33        0       0       0       0      0      0      0       0    0   0M
      31        0       0       0       0      0      0      0       0    0   0M
      28        0       0       0       0      0      0      0       0    0   0M
      26        0       0       0       0      0      0      0       0    0   0M
      22        0       0       0       0      0      0      0       0    0   0M
      27        0       0       0       0      0      0      0       0    0   0M
      25        0       0       0       0      0      0      0       0    0   0M
      32        0       0       0       0      0      0      0       0    0   0M
      25        0       0       0       0      0      0      0       0    0   0M
      26        0       0       0       0      0      0      0       0    0   0M
      28        0       0       0       0      0      0      0       0    0   0M
      32        0       0       0       0      0      0      0       0    0   0M
      31        0       0       0       0      0      0      0       0    0   0M
      29        0       0       0       0      0      0      0       0    0   0M
      27        0       0       0       0      0      0      0       0    0   0M
      30        0       0       0       0      0      0      0       0    0   0M
      19        0       0       0       0      0      0      0       0    0   0M
      30        0       0       0       0      0      0      0       0    0   0M
      32        0       0       0       0      0      0      0       0    0   0M
      25        0       0       0       0      0      0      0       0    0   0M
      30        0       0       0       0      0      0      0       0    0   0M
      37        0       0       0       0      0      0      0       0    0   0M
      37        0       0       0       0      0      0      0       0    0   0M
      27        0       0       0       0      0      0      0       0    0   0M
      25        0       0       0       0      0      0      0       0    0   0M
      26        0       0       0       0      0      0      0       0    0   0M
      32        0       0       0       0      0      0      0       0    0   0M
      38        0       0       0       0      0      0      0       0    0   0M
      29        0       0       0       0      0      0      0       0    0   0M
      27        0       0       0       0      0      0      0       0    0   0M
      30        0       0       0       0      0      0      0       0    0   0M
      35        0       0       0       0      0      0      0       0    0   0M
      32        0       0       0       0      0      0      0       0    0   0M
      34        0       0       0       0      0      0      0       0    0   0M
      27        0       0       0       0      0      0      0       0    0   0M
      26        0       0       0       0      0      0      0       0    0   0M
      31        0       0       0       0      0      0      0       0    0   0M
      33        0       0       0       0      0      0      0       0    0   0M
      27        0       0       0       0      0      0      0       0    0   0M
      25        0       0       0       0      0      0      0       0    0   0M
      32        0       0       0       0      0      0      0       0    0   0M
      30        0       0       0       0      0      0      0       0    0   0M
      31        0       0       0       0      0      0      0       0    0   0M
      36        0       0       0       0      0      0      0       0    0   0M
      27        0       0       0       0      0      0      0       0    0   0M
      31        0       0       0       0      0      0      0       0    0   0M
      31        0       0       0       0      0      0      0       0    0   0M
      30        0       0       0       0      0      0      0       0    0   0M
      29        0       0       0       0      0      0      0       0    0   0M
      28        0       0       0       0      0      0      0       0    0   0M
      32        0       0       0       0      0      0      0       0    0   0M
      34        0       0       0       0      0      0      0       0    0   0M
      31        0       0       0       0      0      0      0       0    0   0M
      28        0       0       0       0      0      0      0       0    0   0M
      29        0       0       0       0      0      0      0       0    0   0M
      30        0       0       0       0      0      0      0       0    0   0M
