       0        0       0       0       0      0      0      0       0    0   0M
       3        3       0       0       0      0      0      0       0    0   0M
       0        0       0       0       0      0      0      0       0    0   0M
       0        0       0       0       0      0      0      0       0    0   0M
       0       20       0       0       0      0      0      0       0    0   0M
       0       43       0       0       0      0      0      0       0    0   0M
       0       46       0       0       0      0      0      0       0    0   0M
       0       41       0       0       0      0      0      0       0    0   0M
       0       46       0       0       0      0      0      0       0    0   0M
       0       43       0       0       0      0      0      0       0    0   0M
       0       44       0       0       0      0      0      0       0    0   0M
       0       43       0       0       0      0      0      0       0    0   0M
       0       46       0       0       0      0      0      0       0    0   0M
       0       44       0       0       0      0      0      0       0    0   0M
       0       42       0       0       0      0      0      0       0    0   0M
       0       43       0       0       0      0      0      0       0    0   0M
       0       45       0       0       0      0      0      0       0    0   0M
       0       44       0       0       0      0      0      0       0    0   0M
       0       44       0       0       0      0      0      0       0    0   0M
       0       43       0       0       0      0      0      0       0    0   0M
       0       47       0       0       0      0      0      0       0    0   0M
       0       45       0       0       0      0      0      0       0    0   0M
       0       42       0       0       0      0      0      0       0    0   0M
       0       45       0       0       0      0      0      0       0    0   0M
       0       46       0       0       0      0      0      0       0    0   0M
       0       44       0       0       0      0      0      0       0    0   0M
       0       51       0       0       0      0      0      0       0    0   0M
       0       40       0       0       0      0      0      0       0    0   0M
       0       44       0       0       0      0      0      0       0    0   0M
       0       43       0       0       0      0      0      0       0    0   0M
       0       46       0       0       0      0      0      0       0    0   0M
       0       40       0       0       0      0      0      0       0    0   0M
       0       45       0       0       0      0      0      0       0    0   0M
       0       39       0       0       0      0      0      0       0    0   0M
       0       43       0       0       0      0      0      0       0    0   0M
       0       39       0       0       0      0      0      0       0    0   0M
       0       45       0       0       0      0      0      0       0    0   0M
       0       44       0       0       0      0      0      0       0    0   0M
       0       40       0       0       0      0      0      0       0    0   0M
       0       45       0       0       0      0      0      0       0    0   0M
       0       43       0       0       0      0      0      0       0    0   0M
       0       46       0       0       0      0      0      0       0    0   0M
       0       39       0       0       0      0      0      0       0    0   0M
       0       43       0       0       0      0      0      0       0    0   0M
       0       38       0       0       0      0      0      0       0    0   0M
       0       45       0       0       0      0      0      0       0    0   0M
       0       38       0       0       0      0      0      0       0    0   0M
       0       47       0       0       0      0      0      0       0    0   0M
       0       41       0       0       0      0      0      0       0    0   0M
       0       47       0       0       0      0      0      0       0    0   0M
       0       47       0       0       0      0      0      0       0    0   0M
       0       43       0       0       0      0      0      0       0    0   0M
       0       42       0       0       0      0      0      0       0    0   0M
       0       41       0       0       0      0      0      0       0    0   0M
       0       42       0       0       0      0      0      0       0    0   0M
       0       45       0       0       0      0      0      0       0    0   0M
       0       37       0       0       0      0      0      0       0    0   0M
       0       49       0       0       0      0      0      0       0    0   0M
       0       43       0       0       0      0      0      0       0    0   0M
       0       45       0       0       0      0      0      0       0    0   0M
       0       42       0       0       0      0      0      0       0    0   0M
       0       44       0       0       0      0      0      0       0    0   0M
       0       45       0       0       0      0      0      0       0    0   0M
       0       40       0       0       0      0      0      0       0    0   0M
       0       45       0       0       0      0      0      0       0    0   0M
       0       38       0       0       0      0      0      0       0    0   0M
       0       45       0       0       0      0      0      0       0    0   0M
       0       40       0       0       0      0      0      0       0    0   0M
       0       45       0       0       0      0      0      0       0    0   0M
       0       47       0       0       0      0      0      0       0    0   0M
       0       44       0       0       0      0      0      0       0    0   0M
       0       45       0       0       0      0      0      0       0    0   0M
       0       44       0       0       0      0      0      0       0    0   0M
       0       46       0       0       0      0      0      0       0    0   0M
       0       45       0       0       0      0      0      0       0    0   0M
       0       41       0       0       0      0      0      0       0    0   0M
       0       40       0       0       0      0      0      0       0    0   0M
       0       40       0       0       0      0      0      0       0    0   0M
       0       50       0       0       0      0      0      0       0    0   0M
       0       47       0       0       0      0      0      0       0    0   0M
       0       40       0       0       0      0      0      0       0    0   0M
       0       43       0       0       0      0      0      0       0    0   0M
       0       47       0       0       0      0      0      0       0    0   0M
       0       43       0       0       0      0      0      0       0    0   0M
       0       41       0       0       0      0      0      0       0    0   0M
       0       40       0       0       0      0      0      0       0    0   0M
       0       44       0       0       0      0      0      0       0    0   0M
       0       49       0       0       0      0      0      0       0    0   0M
       0       44       0       0       0      0      0      0       0    0   0M
       0       42       0       0       0      0      0      0       0    0   0M
       0       47       0       0       0      0      0      0       0    0   0M
       0       46       0       0       0      0      0      0       0    0   0M
       0       44       0       0       0      0      0      0       0    0   0M
       0       42       0       0       0      0      0      0       0    0   0M
       0       45       0       0       0      0      0      0       0    0   0M
       0       41       0       0       0      0      0      0       0    0   0M
       0       44       0       0       0      0      0      0       0    0   0M
       0       43       0       0       0      0      0      0       0    0   0M
       0       41       0       0       0      0      0      0       0    0   0M
       0       41       0       0       0      0      0      0       0    0   0M
       0       37       0       0       0      0      0      0       0    0   0M
       0       35       0       0       0      0      0      0       0    0   0M
       0       44       0       0       0      0      0      0       0    0   0M
