       0        0       0       0       0      0      0      0       0    0   0M
       1        1       0       0       0      0      0      0       0    0   0M
       3        3       0       0       0      0      0      0       0    0   0M
       0        0       0       0       0      0      0      0       0    0   0M
       5        0       0       0      13      1      0      0       0    0   0M
      13        0       0       0      47      4      0      0       0    0   0M
      12        0       0       0      37      4      0      0       0    0   0M
      12        0       0       0      48      3      0      0       0    0   0M
      10        0       0       0      46      4      0      0       0    0   0M
      12        0       0       0      47      5      0      0       0    0   0M
      10        0       0       0      33      1      0      0       0    0   0M
      13        0       0       0      53      5      0      0       0    0   0M
      13        0       0       0      56      5      0      0       0    0   0M
      10        0       0       0      38      5      0      0       0    0   0M
      13        0       0       0      46      3      0      0       0    0   0M
      15        0       0       0      54      6      0      0       0    0   0M
       8        0       0       0      47      4      0      0       0    0   0M
       8        0       0       0      40      3      0      0       0    0   0M
      11        0       0       0      39      4      0      0       0    0   0M
       9        0       0       0      34      4      0      0       0    0   0M
      14        0       0       0      58      6      0      0       0    0   0M
       9        0       0       0      48      3      0      0       0    0   0M
       7        0       0       0      28      3      0      0       0    0   0M
      10        0       0       0      38      3      0      0       0    0   0M
      10        0       0       0      45      4      0      0       0    0   0M
      16        0       0       0      56      5      0      0       0    0   0M
       7        0       0       0      56      6      0      0       0    0   0M
      16        0       0       0      52      4      0      0       0    0   0M
      11        0       0       0      55      6      0      0       0    0   0M
      11        0       0       0      44      4      0      0       0    0   0M
      17        0       0       0      50      5      0      0       0    0   0M
      16        0       0       0      50      3      0      0       0    0   0M
       9        0       0       0      46      5      0      0       0    0   0M
      11        0       0       0      38      2      0      0       0    0   0M
      10        0       0       0      50      5      0      0       0    0   0M
      13        0       0       0      42      1      0      0       0    0   0M
       9        0       0       0      47      4      0      0       0    0   0M
      12        0       0       0      43      4      0      0       0    0   0M
       3        0       0       0      21      2      0      0       0    0   0M
      11        0       0       0      38      3      0      0       0    0   0M
      12        0       0       0      47      3      0      0       0    0   0M
      18        0       0       0      55      6      0      0       0    0   0M
       7        0       0       0      36      1      0      0       0    0   0M
      13        0       0       0      44      3      0      0       0    0   0M
      15        0       0       0      48      2      0      0       0    0   0M
       7        0       0       0      29      3      0      0       0    0   0M
      12        0       0       0      27      2      0      0       0    0   0M
      12        0       0       0      43      3      0      0       0    0   0M
       8        0       0       0      44      4      0      0       0    0   0M
       8        0       0       0      25      3      0      0       0    0   0M
       9        0       0       0      42      5      0      0       0    0   0M
      11        0       0       0      35      4      0      0       0    0   0M
       8        0       0       0      33      2      0      0       0    0   0M
       6        0       0       0      28      2      0      0       0    0   0M
      12        0       0       0      40      3      0      0       0    0   0M
      10        0       0       0      45      4      0      0       0    0   0M
      13        0       0       0      45      3      0      0       0    0   0M
      13        0       0       0      55      7      0      0       0    0   0M
      10        0       0       0      50      4      0      0       0    0   0M
      12        0       0       0      26      1      0      0       0    0   0M
       3        0       0       0      14      1      0      0       0    0   0M
      14        0       0       0      48      6      0      0       0    0   0M
      10        0       0       0      51      6      0      0       0    0   0M
      11        0       0       0      31      2      0      0       0    0   0M
      12        0       0       0      48      5      0      0       0    0   0M
       7        0       0       0      24      1      0      0       0    0   0M
       7        0       0       0      25      1      0      0       0    0   0M
       8        0       0       0      36      4      0      0       0    0   0M
      15        0       0       0      47      4      0      0       0    0   0M
      12        0       0       0      54      7      0      0       0    0   0M
      11        0       0       0      47      4      0      0       0    0   0M
      12        0       0       0      55      7      0      0       0    0   0M
       8        0       0       0      43      4      0      0       0    0   0M
       9        0       0       0      47      6      0      0       0    0   0M
      12        0       0       0      45      4      0      0       0    0   0M
      10        0       0       0      43      2      0      0       0    0   0M
      12        0       0       0      41      5      0      0       0    0   0M
      10        0       0       0      41      3      0      0       0    0   0M
      11        0       0       0      43      5      0      0       0    0   0M
       7        0       0       0      39      3      0      0       0    0   0M
      14        0       0       0      42      3      0      0       0    0   0M
      12        0       0       0      44      5      0      0       0    0   0M
      17        0       0       0      49      4      0      0       0    0   0M
       9        0       0       0      49      4      0      0       0    0   0M
      10        0       0       0      42      3      0      0       0    0   0M
       8        0       0       0      32      2      0      0       0    0   0M
      12        0       0       0      48      4      0      0       0    0   0M
      11        0       0       0      55      7      0      0       0    0   0M
      12        0       0       0      49      5      0      0       0    0   0M
       9        0       0       0      44      3      0      0       0    0   0M
      11        0       0       0      39      5      0      0       0    0   0M
      13        0       0       0      56      6      0      0       0    0   0M
       9        0       0       0      53      4      0      0       0    0   0M
       9        0       0       0      34      4      0      0       0    0   0M
      11        0       0       0      40      3      0      0       0    0   0M
      10        0       0       0      40      3      0      0       0    0   0M
      11        0       0       0      54      5      0      0       0    0   0M
      12        0       0       0      43      6      0      0       0    0   0M
       8        0       0       0      39      4      0      0       0    0   0M
       5        0       0       0      30      3      0      0       0    0   0M
       9        0       0       0      28      1      0      0       0    0   0M
      13        0       0       0      24      0      0      0       0    0   0M
      13        0       0       0      48      5      0      0       0    0   0M
