       0        0       0       0       0      0      0      0       0    0   0M
       3        3       0       0       1      0      1      0       0    0   0M
       0        1       0       0       0      0      0      0       0    0   0M
       0        0       0       0       0      0      0      0       0    0   0M
       6        0       0       0      14      1      0      0       0    0   0M
       8        0       0       0      43      3      0      0       0    0   0M
       7        0       0       0      19      3      0      0       0    0   0M
      10        0       0       0      17      0      0      0       0    0   0M
       5        0       0       0      40      6      0      0       0    0   0M
      10        0       0       0      48      6      0      0       0    0   0M
       7        0       0       0      33      4      0      0       0    0   0M
      11        0       0       0      46      5      0      0       0    0   0M
       8        0       0       0      11      1      0      0       0    0   0M
      10        0       0       0      28      2      0      0       0    0   0M
      13        0       0       0      36      4      0      0       0    0   0M
      10        0       0       0      44      3      0      0       0    0   0M
      11        0       0       0      41      5      0      0       0    0   0M
      21        0       0       0      24      1      0      0       0    0   0M
      10        0       0       0      41      5      0      0       0    0   0M
      11        0       0       0      21      2      0      0       0    0   0M
       8        0       0       0      22      2      0      0       0    0   0M
      11        0       0       0      55      7      0      0       0    0   0M
      13        0       0       0      51      5      0      0       0    0   0M
       7        0       0       0      31      4      0      0       0    0   0M
      15        0       0       0      28      2      0      0       0    0   0M
       7        0       0       0      38      5      0      0       0    0   0M
      11        0       0       0      53      7      0      0       0    0   0M
      12        0       0       0      51      6      0      0       0    0   0M
       9        0       0       0      44      6      0      0       0    0   0M
      15        0       0       0      57      8      0      0       0    0   0M
      11        0       0       0      59      8      0      0       0    0   0M
      13        0       0       0      36      3      0      0       0    0   0M
       7        0       0       0      48      7      0      0       0    0   0M
      10        0       0       0      35      4      0      0       0    0   0M
      15        0       0       0      42      5      0      0       0    0   0M
       9        0       0       0      38      5      0      0       0    0   0M
      12        0       0       0      17      1      0      0       0    0   0M
       9        0       0       0      21      2      0      0       0    0   0M
      15        0       0       0      31      3      0      0       0    0   0M
       9        0       0       0       2      0      0      0       0    0   0M
       8        0       0       0      14      1      0      0       0    0   0M
       9        0       0       0      14      1      0      0       0    0   0M
      13        0       0       0      12      1      0      0       0    0   0M
      11        0       0       0      10      0      0      0       0    0   0M
      14        0       0       0      16      1      0      0       0    0   0M
      15        0       0       0      31      3      0      0       0    0   0M
       8        0       0       0       9      1      0      0       0    0   0M
      10        0       0       0      19      2      0      0       0    0   0M
       6        0       0       0      14      1      0      0       0    0   0M
      14        0       0       0      12      0      0      0       0    0   0M
      11        0       0       0      21      1      0      0       0    0   0M
      12        0       0       0      10      0      0      0       0    0   0M
      12        0       0       0      19      2      0      0       0    0   0M
      12        0       0       0      12      1      0      0       0    0   0M
       8        0       0       0       4      0      0      0       0    0   0M
       8        0       0       0      18      1      0      0       0    0   0M
      11        0       0       0      55      8      0      0       0    0   0M
      12        0       0       0      53      7      0      0       0    0   0M
      12        0       0       0      59      8      0      0       0    0   0M
       7        0       0       0      25      3      0      0       0    0   0M
      10        0       0       0      16      2      0      0       0    0   0M
      12        0       0       0      12      1      0      0       0    0   0M
      12        0       0       0      12      0      0      0       0    0   0M
       9        0       0       0       6      0      0      0       0    0   0M
      15        0       0       0      45      5      0      0       0    0   0M
       9        0       0       0      36      5      0      0       0    0   0M
       7        0       0       0      21      2      0      0       0    0   0M
      13        0       0       0      28      2      0      0       0    0   0M
       8        0       0       0      14      1      0      0       0    0   0M
       6        0       0       0      24      4      0      0       0    0   0M
      12        0       0       0      46      6      0      0       0    0   0M
      16        0       0       0      42      4      0      0       0    0   0M
      10        0       0       0      52      7      0      0       0    0   0M
       9        0       0       0      14      0      0      0       0    0   0M
      11        0       0       0      18      1      0      0       0    0   0M
       7        0       0       0      17      2      0      0       0    0   0M
      13        0       0       0      18      1      0      0       0    0   0M
      10        0       0       0      23      3      0      0       0    0   0M
      15        0       0       0      35      3      0      0       0    0   0M
      15        0       0       0      40      5      0      0       0    0   0M
       9        0       0       0      44      6      0      0       0    0   0M
      15        0       0       0      59      8      0      0       0    0   0M
      11        0       0       0      26      4      0      0       0    0   0M
       6        0       0       0      36      5      0      0       0    0   0M
      10        0       0       0      44      6      0      0       0    0   0M
       6        0       0       0      38      5      0      0       0    0   0M
      12        0       0       0      36      4      0      0       0    0   0M
      11        0       0       0      43      4      0      0       0    0   0M
      12        0       0       0      40      4      0      0       0    0   0M
      11        0       0       0      57      8      0      0       0    0   0M
      11        0       0       0      58      9      0      0       0    0   0M
       9        0       0       0      60      8      0      0       0    0   0M
       9        0       0       0      39      4      0      0       0    0   0M
       6        0       0       0       5      0      0      0       0    0   0M
      14        0       0       0       9      0      0      0       0    0   0M
      13        0       0       0      39      4      0      0       0    0   0M
      11        0       0       0      57      8      0      0       0    0   0M
       7        0       0       0      56      8      0      0       0    0   0M
      12        0       0       0      39      4      0      0       0    0   0M
      12        0       0       0      19      2      0      0       0    0   0M
       7        0       0       0       8      1      0      0       0    0   0M
      11        0       0       0      50      6      0      0       0    0   0M
      10        0       0       0      37      5      0      0       0    0   0M
