       0        0       0       0       0      0      0      0       0    0   0M
       3        3       0       0       1      0      0      0       0    0   0M
       0        1       0       0       0      0      0      0       0    0   0M
       0        0       0       0       0      0      0      0       0    0   0M
       8        0       0       0       2      0      0      0       0    0   0M
       9        0       0       0       0      0      0      0       0    0   0M
      11        0       0       0       5      0      0      0       0    0   0M
       8        0       0       0       4      0      0      0       0    0   0M
       8        0       0       0      10      0      0      0       0    0   0M
      13        0       0       0       9      0      0      0       0    0   0M
      16        0       0       0       4      0      0      0       0    0   0M
      13        0       0       0      16      1      0      0       0    0   0M
      13        0       0       0      11      0      0      0       0    0   0M
      10        0       0       0       2      0      0      0       0    0   0M
       9        0       0       0       6      0      0      0       0    0   0M
      10        0       0       0      13      0      0      0       0    0   0M
      14        0       0       0      15      0      0      0       0    0   0M
      13        0       0       0      12      0      0      0       0    0   0M
      13        0       0       0      13      1      0      0       0    0   0M
      14        0       0       0      13      0      0      0       0    0   0M
       9        0       0       0       2      0      0      0       0    0   0M
      10        0       0       0       9      1      0      0       0    0   0M
      11        0       0       0       6      0      0      0       0    0   0M
       7        0       0       0       2      0      0      0       0    0   0M
      19        0       0       0       5      0      0      0       0    0   0M
      11        0       0       0       6      0      0      0       0    0   0M
      16        0       0       0       8      0      0      0       0    0   0M
      14        0       0       0       1      0      0      0       0    0   0M
      14        0       0       0      16      0      0      0       0    0   0M
      10        0       0       0      23      1      0      0       0    0   0M
      13        0       0       0       6      0      0      0       0    0   0M
       8        0       0       0       7      0      0      0       0    0   0M
       5        0       0       0       8      1      0      0       0    0   0M
      11        0       0       0       6      0      0      0       0    0   0M
      10        0       0       0      14      0      0      0       0    0   0M
      10        0       0       0      22      1      0      0       0    0   0M
       9        0       0       0       7      0      0      0       0    0   0M
      10        0       0       0      13      1      0      0       0    0   0M
      13        0       0       0       7      0      0      0       0    0   0M
      12        0       0       0       5      0      0      0       0    0   0M
       8        0       0       0      16      1      0      0       0    0   0M
       7        0       0       0       4      0      0      0       0    0   0M
       3        0       0       0       3      0      0      0       0    0   0M
      13        0       0       0       1      0      0      0       0    0   0M
       9        0       0       0       8      0      0      0       0    0   0M
      11        0       0       0      23      1      0      0       0    0   0M
      15        0       0       0       4      0      0      0       0    0   0M
      10        0       0       0       3      0      0      0       0    0   0M
       9        0       0       0       3      0      0      0       0    0   0M
      13        0       0       0       7      0      0      0       0    0   0M
      12        0       0       0      11      1      0      0       0    0   0M
      10        0       0       0       8      1      0      0       0    0   0M
      11        0       0       0       9      0      0      0       0    0   0M
       8        0       0       0       1      0      0      0       0    0   0M
      11        0       0       0       9      0      0      0       0    0   0M
      11        0       0       0      13      0      0      0       0    0   0M
      12        0       0       0       2      0      0      0       0    0   0M
      12        0       0       0      12      0      0      0       0    0   0M
       9        0       0       0       2      0      0      0       0    0   0M
      15        0       0       0      14      1      0      0       0    0   0M
       9        0       0       0       7      0      0      0       0    0   0M
      10        0       0       0      15      1      0      0       0    0   0M
       8        0       0       0       8      0      0      0       0    0   0M
       9        0       0       0       1      0      0      0       0    0   0M
       8        0       0       0      13      1      0      0       0    0   0M
      16        0       0       0       7      0      0      0       0    0   0M
      15        0       0       0      10      0      0      0       0    0   0M
       5        0       0       0       8      0      0      0       0    0   0M
      12        0       0       0       3      0      0      0       0    0   0M
      13        0       0       0       0      0      0      0       0    0   0M
      13        0       0       0       9      0      0      0       0    0   0M
       9        0       0       0       4      0      0      0       0    0   0M
      13        0       0       0       3      0      0      0       0    0   0M
      13        0       0       0       0      0      0      0       0    0   0M
      12        0       0       0      16      0      0      0       0    0   0M
       9        0       0       0       3      0      0      0       0    0   0M
      10        0       0       0       0      0      0      0       0    0   0M
       9        0       0       0       6      0      0      0       0    0   0M
      14        0       0       0      13      1      0      0       0    0   0M
      11        0       0       0       5      0      0      0       0    0   0M
      17        0       0       0       8      0      0      0       0    0   0M
      10        0       0       0       2      0      0      0       0    0   0M
      15        0       0       0      28      0      0      0       0    0   0M
       8        0       0       0       7      0      0      0       0    0   0M
      12        0       0       0      12      0      0      0       0    0   0M
       9        0       0       0      12      0      0      0       0    0   0M
      12        0       0       0       7      0      0      0       0    0   0M
      12        0       0       0       8      0      0      0       0    0   0M
       9        0       0       0       2      0      0      0       0    0   0M
      11        0       0       0      11      0      0      0       0    0   0M
      13        0       0       0      19      0      0      0       0    0   0M
      12        0       0       0       5      0      0      0       0    0   0M
      12        0       0       0       4      0      0      0       0    0   0M
      15        0       0       0       6      0      0      0       0    0   0M
      16        0       0       0      10      1      0      0       0    0   0M
       7        0       0       0       5      0      0      0       0    0   0M
      11        0       0       0       2      0      0      0       0    0   0M
      13        0       0       0      11      0      0      0       0    0   0M
       9        0       0       0       3      0      0      0       0    0   0M
       9        0       0       0       9      1      0      0       0    0   0M
      10        0       0       0       8      0      0      0       0    0   0M
      15        0       0       0      12      0      0      0       0    0   0M
      13        0       0       0       9      1      0      0       0    0   0M
