       0        0       0       0       0      0      0      0       0    0   0M
       2        2       0       0       0      0      0      0       0    0   0M
       2        1       0       0       0      0      0      0       0    0   0M
       0        0       0       0       0      0      0      0       0    0   0M
       0       36       0       0       0      0      0      0       0    0   0M
       0       73       0       0       0      0      0      0       0    0   0M
       0       74       0       0       0      0      0      0       0    0   0M
       0       75       0       0       0      0      0      0       0    0   0M
       0       75       0       0       0      0      0      0       0    0   0M
       0       75       0       0       0      0      0      0       0    0   0M
       0       74       0       0       0      0      0      0       0    0   0M
       0       75       0       0       0      0      0      0       0    0   0M
       0       75       0       0       0      0      0      0       0    0   0M
       0       75       0       0       0      0      0      0       0    0   0M
       0       74       0       0       0      0      0      0       0    0   0M
       0       75       0       0       0      0      0      0       0    0   0M
       0       75       0       0       0      0      0      0       0    0   0M
       0       75       0       0       0      0      0      0       0    0   0M
       0       75       0       0       0      0      0      0       0    0   0M
       0       74       0       0       0      0      0      0       0    0   0M
       0       75       0       0       0      0      0      0       0    0   0M
       0       75       0       0       0      0      0      0       0    0   0M
       0       74       0       0       0      0      0      0       0    0   0M
       0       75       0       0       0      0      0      0       0    0   0M
       0       75       0       0       0      0      0      0       0    0   0M
       0       75       0       0       0      0      0      0       0    0   0M
       0       74       0       0       0      0      0      0       0    0   0M
       0       75       0       0       0      0      0      0       0    0   0M
       0       75       0       0       0      0      0      0       0    0   0M
       0       74       0       0       0      0      0      0       0    0   0M
       0       75       0       0       0      0      0      0       0    0   0M
       0       75       0       0       0      0      0      0       0    0   0M
       0       75       0       0       0      0      0      0       0    0   0M
       0       74       0       0       0      0      0      0       0    0   0M
       0       75       0       0       0      0      0      0       0    0   0M
       0       75       0       0       0      0      0      0       0    0   0M
       0       74       0       0       0      0      0      0       0    0   0M
       0       75       0       0       0      0      0      0       0    0   0M
       0       74       0       0       0      0      0      0       0    0   0M
       0       75       0       0       0      0      0      0       0    0   0M
       0       75       0       0       0      0      0      0       0    0   0M
       0       75       0       0       0      0      0      0       0    0   0M
       0       74       0       0       0      0      0      0       0    0   0M
       0       75       0       0       0      0      0      0       0    0   0M
       0       75       0       0       0      0      0      0       0    0   0M
       0       75       0       0       0      0      0      0       0    0   0M
       0       74       0       0       0      0      0      0       0    0   0M
       0       75       0       0       0      0      0      0       0    0   0M
       0       75       0       0       0      0      0      0       0    0   0M
       0       75       0       0       0      0      0      0       0    0   0M
       0       74       0       0       0      0      0      0       0    0   0M
       0       75       0       0       0      0      0      0       0    0   0M
       0       75       0       0       0      0      0      0       0    0   0M
       0       75       0       0       0      0      0      0       0    0   0M
       0       75       0       0       0      0      0      0       0    0   0M
       0       74       0       0       0      0      0      0       0    0   0M
       0       75       0       0       0      0      0      0       0    0   0M
       0       75       0       0       0      0      0      0       0    0   0M
       0       75       0       0       0      0      0      0       0    0   0M
       0       74       0       0       0      0      0      0       0    0   0M
       0       75       0       0       0      0      0      0       0    0   0M
       0       75       0       0       0      0      0      0       0    0   0M
       0       75       0       0       0      0      0      0       0    0   0M
       0       74       0       0       0      0      0      0       0    0   0M
       0       75       0       0       0      0      0      0       0    0   0M
       0       75       0       0       0      0      0      0       0    0   0M
       0       75       0       0       0      0      0      0       0    0   0M
       0       74       0       0       0      0      0      0       0    0   0M
       0       75       0       0       0      0      0      0       0    0   0M
       0       75       0       0       0      0      0      0       0    0   0M
       0       74       0       0       0      0      0      0       0    0   0M
       0       75       0       0       0      0      0      0       0    0   0M
       0       75       0       0       0      0      0      0       0    0   0M
       0       74       0       0       0      0      0      0       0    0   0M
       0       75       0       0       0      0      0      0       0    0   0M
       0       75       0       0       0      0      0      0       0    0   0M
       0       75       0       0       0      0      0      0       0    0   0M
       0       74       0       0       0      0      0      0       0    0   0M
       0       75       0       0       0      0      0      0       0    0   0M
       0       75       0       0       0      0      0      0       0    0   0M
       0       75       0       0       0      0      0      0       0    0   0M
       0       75       0       0       0      0      0      0       0    0   0M
       0       75       0       0       0      0      0      0       0    0   0M
       0       74       0       0       0      0      0      0       0    0   0M
       0       75       0       0       0      0      0      0       0    0   0M
       0       74       0       0       0      0      0      0       0    0   0M
       0       75       0       0       0      0      0      0       0    0   0M
       0       75       0       0       0      0      0      0       0    0   0M
       0       75       0       0       0      0      0      0       0    0   0M
       0       74       0       0       0      0      0      0       0    0   0M
       0       75       0       0       0      0      0      0       0    0   0M
       0       75       0       0       0      0      0      0       0    0   0M
       0       74       0       0       0      0      0      0       0    0   0M
       0       75       0       0       0      0      0      0       0    0   0M
       0       75       0       0       0      0      0      0       0    0   0M
       0       75       0       0       0      0      0      0       0    0   0M
       0       74       0       0       0      0      0      0       0    0   0M
       0       75       0       0       0      0      0      0       0    0   0M
       0       75       0       0       0      0      0      0       0    0   0M
       0       75       0       0       0      0      0      0       0    0   0M
       0       75       0       0       0      0      0      0       0    0   0M
       0       75       0       0       0      0      0      0       0    0   0M
       0       74       0       0       0      0      0      0       0    0   0M
