       0        0       0       0       0      0      0      0       0    0   0M
       3        3       0       0       0      0      1      0       0    0   0M
       0        0       0       0       0      0      0      0       0    0   0M
       0        0       0       0       0      0      0      0       0    0   0M
       3        0       0       0       8      0      0      0       0    0   0M
       6        0       0       0      17      2      0      0       0    0   0M
      12        0       0       0      56      8      0      0       0    0   0M
      10        0       0       0      56      5      0      0       0    0   0M
      10        0       0       0      50      6      0      0       0    0   0M
      12        0       0       0       6      0      0      0       0    0   0M
      11        0       0       0      54      6      0      0       0    0   0M
       6        0       0       0      34      5      0      0       0    0   0M
      11        0       0       0      47      6      0      0       0    0   0M
      12        0       0       0      57      6      0      0       0    0   0M
      12        0       0       0      56      8      0      0       0    0   0M
      11        0       0       0      24      2      0      0       0    0   0M
       8        0       0       0      35      4      0      0       0    0   0M
       5        0       0       0      16      2      0      0       0    0   0M
      13        0       0       0      44      5      0      0       0    0   0M
       9        0       0       0      31      2      0      0       0    0   0M
       7        0       0       0      56      8      0      0       0    0   0M
      12        0       0       0      38      4      0      0       0    0   0M
      11        0       0       0      38      5      0      0       0    0   0M
      11        0       0       0      45      4      0      0       0    0   0M
      17        0       0       0      58      8      0      0       0    0   0M
       7        0       0       0      38      5      0      0       0    0   0M
      10        0       0       0      28      3      0      0       0    0   0M
      10        0       0       0      11      0      0      0       0    0   0M
       7        0       0       0       7      0      0      0       0    0   0M
      14        0       0       0      50      5      0      0       0    0   0M
      11        0       0       0      60      8      0      0       0    0   0M
      12        0       0       0      43      5      0      0       0    0   0M
       9        0       0       0      32      5      0      0       0    0   0M
      11        0       0       0      56      7      0      0       0    0   0M
       9        0       0       0      57      8      0      0       0    0   0M
      12        0       0       0      54      6      0      0       0    0   0M
      11        0       0       0      57      6      0      0       0    0   0M
       6        0       0       0      54      8      0      0       0    0   0M
      14        0       0       0      55      7      0      0       0    0   0M
      17        0       0       0      55      7      0      0       0    0   0M
      11        0       0       0      55      8      0      0       0    0   0M
       9        0       0       0      33      3      0      0       0    0   0M
       8        0       0       0      40      5      0      0       0    0   0M
       9        0       0       0      50      6      0      0       0    0   0M
      12        0       0       0      54      8      0      0       0    0   0M
      11        0       0       0      56      7      0      0       0    0   0M
      16        0       0       0      17      1      0      0       0    0   0M
      11        0       0       0      20      2      0      0       0    0   0M
      13        0       0       0      47      5      0      0       0    0   0M
      12        0       0       0      15      0      0      0       0    0   0M
      13        0       0       0      38      4      0      0       0    0   0M
      12        0       0       0      55      7      0      0       0    0   0M
       5        0       0       0      50      7      0      0       0    0   0M
      11        0       0       0      55      8      0      0       0    0   0M
      11        0       0       0      56      7      0      0       0    0   0M
      13        0       0       0      14      0      0      0       0    0   0M
       9        0       0       0      18      2      0      0       0    0   0M
      15        0       0       0      58      7      0      0       0    0   0M
      13        0       0       0      55      7      0      0       0    0   0M
       7        0       0       0      55      6      0      0       0    0   0M
      11        0       0       0      55      7      0      0       0    0   0M
      14        0       0       0      53      6      0      0       0    0   0M
      17        0       0       0      58      8      0      0       0    0   0M
       7        0       0       0      56      8      0      0       0    0   0M
      12        0       0       0      33      3      0      0       0    0   0M
       9        0       0       0      21      3      0      0       0    0   0M
       9        0       0       0      19      2      0      0       0    0   0M
      11        0       0       0      28      3      0      0       0    0   0M
      12        0       0       0      39      3      0      0       0    0   0M
      15        0       0       0      51      7      0      0       0    0   0M
      10        0       0       0      44      5      0      0       0    0   0M
      10        0       0       0      53      8      0      0       0    0   0M
      15        0       0       0      59      8      0      0       0    0   0M
       7        0       0       0      45      6      0      0       0    0   0M
      16        0       0       0      54      5      0      0       0    0   0M
       7        0       0       0      40      6      0      0       0    0   0M
      12        0       0       0      25      2      0      0       0    0   0M
       9        0       0       0      44      6      0      0       0    0   0M
       9        0       0       0      60      8      0      0       0    0   0M
       8        0       0       0      57      8      0      0       0    0   0M
       8        0       0       0      10      1      0      0       0    0   0M
       7        0       0       0      28      3      0      0       0    0   0M
      11        0       0       0      25      1      0      0       0    0   0M
      11        0       0       0      55      7      0      0       0    0   0M
       7        0       0       0      44      6      0      0       0    0   0M
      11        0       0       0      54      6      0      0       0    0   0M
      11        0       0       0      51      7      0      0       0    0   0M
       9        0       0       0      18      1      0      0       0    0   0M
       8        0       0       0      15      1      0      0       0    0   0M
      16        0       0       0      49      6      0      0       0    0   0M
      12        0       0       0      50      4      0      0       0    0   0M
      13        0       0       0      48      6      0      0       0    0   0M
      11        0       0       0      54      7      0      0       0    0   0M
       7        0       0       0      50      6      0      0       0    0   0M
      10        0       0       0      45      5      0      0       0    0   0M
      10        0       0       0      53      7      0      0       0    0   0M
      12        0       0       0      59      8      0      0       0    0   0M
       6        0       0       0      14      0      0      0       0    0   0M
      10        0       0       0      43      5      0      0       0    0   0M
      11        0       0       0      46      5      0      0       0    0   0M
      11        0       0       0      56      8      0      0       0    0   0M
      12        0       0       0      20      2      0      0       0    0   0M
      10        0       0       0      44      6      0      0       0    0   0M
