       0        0       0       0       0      0      0      0       0    0   0M
       3        4       0       0       0      0      0      0       0    0   0M
       0        0       0       0       0      0      0      0       0    0   0M
       0        0       0       0       0      0      0      0       0    0   0M
       8        0       0       0       7      0      0      0       0    0   0M
       8        0       0       0      38      4      0      0       0    0   0M
      12        0       0       0      55      8      0      0       0    0   0M
       9        0       0       0      57      7      0      0       0    0   0M
       5        0       0       0      37      5      0      0       0    0   0M
      15        0       0       0      56      7      0      0       0    0   0M
      12        0       0       0      56      6      0      0       0    0   0M
      12        0       0       0      58      8      0      0       0    0   0M
       9        0       0       0      57      9      0      0       0    0   0M
      15        0       0       0      55      7      0      0       0    0   0M
      11        0       0       0      45      5      0      0       0    0   0M
       8        0       0       0      28      4      0      0       0    0   0M
      15        0       0       0      44      5      0      0       0    0   0M
       9        0       0       0      32      3      0      0       0    0   0M
       8        0       0       0      58      8      0      0       0    0   0M
       9        0       0       0      51      7      0      0       0    0   0M
      11        0       0       0      53      7      0      0       0    0   0M
       9        0       0       0      51      7      0      0       0    0   0M
      10        0       0       0      59      8      0      0       0    0   0M
      12        0       0       0      59      9      0      0       0    0   0M
      12        0       0       0      61      8      0      0       0    0   0M
      12        0       0       0      29      4      0      0       0    0   0M
      10        0       0       0      41      4      0      0       0    0   0M
       7        0       0       0      31      2      0      0       0    0   0M
      14        0       0       0      45      7      0      0       0    0   0M
      11        0       0       0      59      8      0      0       0    0   0M
      13        0       0       0      59      8      0      0       0    0   0M
      14        0       0       0      39      3      0      0       0    0   0M
      14        0       0       0      54      7      0      0       0    0   0M
       7        0       0       0      58      8      0      0       0    0   0M
      10        0       0       0      56      8      0      0       0    0   0M
       9        0       0       0      57      8      0      0       0    0   0M
       8        0       0       0      57      8      0      0       0    0   0M
      15        0       0       0      56      7      0      0       0    0   0M
      14        0       0       0      52      7      0      0       0    0   0M
      15        0       0       0      58      8      0      0       0    0   0M
      12        0       0       0      56      7      0      0       0    0   0M
      12        0       0       0      59      8      0      0       0    0   0M
       9        0       0       0      28      4      0      0       0    0   0M
       8        0       0       0      55      6      0      0       0    0   0M
      11        0       0       0      58      7      0      0       0    0   0M
       7        0       0       0      60      8      0      0       0    0   0M
       5        0       0       0      26      3      0      0       0    0   0M
      14        0       0       0      57      8      0      0       0    0   0M
       8        0       0       0      29      4      0      0       0    0   0M
       8        0       0       0      17      2      0      0       0    0   0M
      22        0       0       0      51      6      0      0       0    0   0M
      14        0       0       0      53      7      0      0       0    0   0M
       7        0       0       0      58      8      0      0       0    0   0M
      11        0       0       0      55      7      0      0       0    0   0M
      11        0       0       0      58      8      0      0       0    0   0M
       8        0       0       0      16      2      0      0       0    0   0M
       6        0       0       0      37      5      0      0       0    0   0M
      12        0       0       0      52      7      0      0       0    0   0M
      13        0       0       0      55      6      0      0       0    0   0M
      14        0       0       0      55      8      0      0       0    0   0M
      12        0       0       0      46      5      0      0       0    0   0M
      14        0       0       0      50      6      0      0       0    0   0M
      15        0       0       0      56      7      0      0       0    0   0M
       8        0       0       0      49      6      0      0       0    0   0M
      16        0       0       0      48      5      0      0       0    0   0M
      12        0       0       0      56      8      0      0       0    0   0M
       7        0       0       0      54      7      0      0       0    0   0M
       7        0       0       0      39      5      0      0       0    0   0M
      11        0       0       0      58      8      0      0       0    0   0M
       9        0       0       0      53      8      0      0       0    0   0M
       8        0       0       0      32      4      0      0       0    0   0M
       9        0       0       0      59      7      0      0       0    0   0M
       9        0       0       0      56      7      0      0       0    0   0M
       8        0       0       0      58      9      0      0       0    0   0M
       9        0       0       0      58      7      0      0       0    0   0M
      11        0       0       0      48      7      0      0       0    0   0M
      10        0       0       0      29      4      0      0       0    0   0M
      16        0       0       0      56      7      0      0       0    0   0M
      11        0       0       0      55      8      0      0       0    0   0M
      10        0       0       0      26      3      0      0       0    0   0M
       7        0       0       0      31      4      0      0       0    0   0M
      10        0       0       0      54      7      0      0       0    0   0M
      12        0       0       0      53      7      0      0       0    0   0M
      10        0       0       0      57      8      0      0       0    0   0M
      15        0       0       0      57      7      0      0       0    0   0M
      13        0       0       0      54      6      0      0       0    0   0M
      13        0       0       0      47      6      0      0       0    0   0M
       3        0       0       0      34      4      0      0       0    0   0M
       5        0       0       0      14      1      0      0       0    0   0M
      10        0       0       0      52      6      0      0       0    0   0M
      12        0       0       0      33      2      0      0       0    0   0M
      13        0       0       0      57      8      0      0       0    0   0M
      11        0       0       0      59      9      0      0       0    0   0M
      14        0       0       0      56      7      0      0       0    0   0M
      11        0       0       0      57      7      0      0       0    0   0M
      12        0       0       0      54      7      0      0       0    0   0M
       8        0       0       0      32      3      0      0       0    0   0M
      15        0       0       0      37      4      0      0       0    0   0M
       9        0       0       0      60      8      0      0       0    0   0M
      12        0       0       0      57      8      0      0       0    0   0M
      16        0       0       0      38      4      0      0       0    0   0M
       9        0       0       0      20      1      0      0       0    0   0M
      12        0       0       0      59      8      0      0       0    0   0M
