       0        0       0       0       0      0      0      0       0    0   0M
       2        2       0       0       0      0      0      0       0    0   0M
       1        2       0       0       0      0      0      0       0    0   0M
       0        0       0       0       0      0      0      0       0    0   0M
      37        0       0       0       0      0      0      0       0    0   0M
      74        0       0       0       0      0      0      0       0    0   0M
      74        0       0       0       0      0      0      0       0    0   0M
      74        0       0       0       0      0      0      0       0    0   0M
      75        0       0       0       0      0      0      0       0    0   0M
      76        0       0       0       0      0      0      0       0    0   0M
      75        0       0       0       0      0      0      0       0    0   0M
      75        0       0       0       0      0      0      0       0    0   0M
      75        0       0       0       0      0      0      0       0    0   0M
      75        0       0       0       0      0      0      0       0    0   0M
      76        0       0       0       0      0      0      0       0    0   0M
      75        0       0       0       0      0      0      0       0    0   0M
      76        0       0       0       0      0      0      0       0    0   0M
      76        0       0       0       0      0      0      0       0    0   0M
      74        0       0       0       0      0      0      0       0    0   0M
      76        0       0       0       0      0      0      0       0    0   0M
      77        0       0       0       0      0      0      0       0    0   0M
      73        0       0       0       0      0      0      0       0    0   0M
      75        0       0       0       0      0      0      0       0    0   0M
      75        0       0       0       0      0      0      0       0    0   0M
      73        0       0       0       0      0      0      0       0    0   0M
      74        0       0       0       0      0      0      0       0    0   0M
      75        0       0       0       0      0      0      0       0    0   0M
      76        0       0       0       0      0      0      0       0    0   0M
      73        0       0       0       0      0      0      0       0    0   0M
      76        0       0       0       0      0      0      0       0    0   0M
      74        0       0       0       0      0      0      0       0    0   0M
      74        0       0       0       0      0      0      0       0    0   0M
      74        0       0       0       0      0      0      0       0    0   0M
      74        0       0       0       0      0      0      0       0    0   0M
      76        0       0       0       0      0      0      0       0    0   0M
      76        0       0       0       0      0      0      0       0    0   0M
      74        0       0       0       0      0      0      0       0    0   0M
      77        0       0       0       0      0      0      0       0    0   0M
      75        0       0       0       0      0      0      0       0    0   0M
      74        0       0       0       0      0      0      0       0    0   0M
      75        0       0       0       0      0      0      0       0    0   0M
      73        0       0       0       0      0      0      0       0    0   0M
      72        0       0       0       0      0      0      0       0    0   0M
      74        0       0       0       0      0      0      0       0    0   0M
      75        0       0       0       0      0      0      0       0    0   0M
      76        0       0       0       0      0      0      0       0    0   0M
      74        0       0       0       0      0      0      0       0    0   0M
      74        0       0       0       0      0      0      0       0    0   0M
      75        0       0       0       0      0      0      0       0    0   0M
      74        0       0       0       0      0      0      0       0    0   0M
      75        0       0       0       0      0      0      0       0    0   0M
      75        0       0       0       0      0      0      0       0    0   0M
      76        0       0       0       0      0      0      0       0    0   0M
      75        0       0       0       0      0      0      0       0    0   0M
      76        0       0       0       0      0      0      0       0    0   0M
      74        0       0       0       0      0      0      0       0    0   0M
      76        0       0       0       0      0      0      0       0    0   0M
      74        0       0       0       0      0      0      0       0    0   0M
      75        0       0       0       0      0      0      0       0    0   0M
      75        0       0       0       0      0      0      0       0    0   0M
      77        0       0       0       0      0      0      0       0    0   0M
      74        0       0       0       0      0      0      0       0    0   0M
      74        0       0       0       0      0      0      0       0    0   0M
      74        0       0       0       0      0      0      0       0    0   0M
      76        0       0       0       0      0      0      0       0    0   0M
      75        0       0       0       0      0      0      0       0    0   0M
      75        0       0       0       0      0      0      0       0    0   0M
      76        0       0       0       0      0      0      0       0    0   0M
      75        0       0       0       0      0      0      0       0    0   0M
      76        0       0       0       0      0      0      0       0    0   0M
      76        0       0       0       0      0      0      0       0    0   0M
      75        0       0       0       0      0      0      0       0    0   0M
      74        0       0       0       0      0      0      0       0    0   0M
      74        0       0       0       0      0      0      0       0    0   0M
      73        0       0       0       0      0      0      0       0    0   0M
      76        0       0       0       0      0      0      0       0    0   0M
      76        0       0       0       0      0      0      0       0    0   0M
      75        0       0       0       0      0      0      0       0    0   0M
      74        0       0       0       0      0      0      0       0    0   0M
      76        0       0       0       0      0      0      0       0    0   0M
      76        0       0       0       0      0      0      0       0    0   0M
      76        0       0       0       0      0      0      0       0    0   0M
      74        0       0       0       0      0      0      0       0    0   0M
      76        0       0       0       0      0      0      0       0    0   0M
      75        0       0       0       0      0      0      0       0    0   0M
      74        0       0       0       0      0      0      0       0    0   0M
      76        0       0       0       0      0      0      0       0    0   0M
      75        0       0       0       0      0      0      0       0    0   0M
      75        0       0       0       0      0      0      0       0    0   0M
      75        0       0       0       0      0      0      0       0    0   0M
      75        0       0       0       0      0      0      0       0    0   0M
      75        0       0       0       0      0      0      0       0    0   0M
      75        0       0       0       0      0      0      0       0    0   0M
      76        0       0       0       0      0      0      0       0    0   0M
      75        0       0       0       0      0      0      0       0    0   0M
      76        0       0       0       0      0      0      0       0    0   0M
      75        0       0       0       0      0      0      0       0    0   0M
      76        0       0       0       0      0      0      0       0    0   0M
      75        0       0       0       0      0      0      0       0    0   0M
      76        0       0       0       0      0      0      0       0    0   0M
      73        0       0       0       0      0      0      0       0    0   0M
      74        0       0       0       0      0      0      0       0    0   0M
      74        0       0       0       0      0      0      0       0    0   0M
