       0        0       0       0       0      0      0      0       0    0   0M
       3        4       0       0       0      0      0      0       0    0   0M
       0        0       0       0       0      0      0      0       0    0   0M
       0        0       0       0       0      0      0      0       0    0   0M
       5        0       0       0       0      0      0      0       0    0   0M
      10        0       0       0      49      6      0      0       0    0   0M
      11        0       0       0      58      9      0      0       0    0   0M
      11        0       0       0      59      8      0      0       0    0   0M
      10        0       0       0      42      6      0      0       0    0   0M
      14        0       0       0      56      6      0      0       0    0   0M
       7        0       0       0      55      8      0      0       0    0   0M
      10        0       0       0      33      3      0      0       0    0   0M
      15        0       0       0      52      8      0      0       0    0   0M
      12        0       0       0      57      7      0      0       0    0   0M
      11        0       0       0      53      6      0      0       0    0   0M
      11        0       0       0       8      2      0      0       0    0   0M
       9        0       0       0       1      0      0      0       0    0   0M
      12        0       0       0      20      2      0      0       0    0   0M
      12        0       0       0      47      6      0      0       0    0   0M
      12        0       0       0      56      7      0      0       0    0   0M
       7        0       0       0      49      5      0      0       0    0   0M
       9        0       0       0      46      6      0      0       0    0   0M
       7        0       0       0      57      8      0      0       0    0   0M
      10        0       0       0      46      7      0      0       0    0   0M
      13        0       0       0      58      7      0      0       0    0   0M
      12        0       0       0      53      7      0      0       0    0   0M
      12        0       0       0      55      8      0      0       0    0   0M
      15        0       0       0      43      4      0      0       0    0   0M
       9        0       0       0      27      3      0      0       0    0   0M
      10        0       0       0      54      7      0      0       0    0   0M
      14        0       0       0      55      7      0      0       0    0   0M
      11        0       0       0      58      9      0      0       0    0   0M
      12        0       0       0      56      7      0      0       0    0   0M
      16        0       0       0      40      3      0      0       0    0   0M
       6        0       0       0      42      5      0      0       0    0   0M
      17        0       0       0      54      8      0      0       0    0   0M
      12        0       0       0      55      6      0      0       0    0   0M
      10        0       0       0      58      6      0      0       0    0   0M
       9        0       0       0      59      8      0      0       0    0   0M
      10        0       0       0      57      8      0      0       0    0   0M
      16        0       0       0      38      4      0      0       0    0   0M
      14        0       0       0      56      7      0      0       0    0   0M
       9        0       0       0      56      7      0      0       0    0   0M
      11        0       0       0      39      5      0      0       0    0   0M
       7        0       0       0      42      6      0      0       0    0   0M
      10        0       0       0      48      6      0      0       0    0   0M
      12        0       0       0      57      9      0      0       0    0   0M
      11        0       0       0      58      8      0      0       0    0   0M
       9        0       0       0      57      7      0      0       0    0   0M
      13        0       0       0      42      6      0      0       0    0   0M
      10        0       0       0      33      2      0      0       0    0   0M
      12        0       0       0      45      6      0      0       0    0   0M
       7        0       0       0      39      5      0      0       0    0   0M
      11        0       0       0      54      7      0      0       0    0   0M
      14        0       0       0      55      8      0      0       0    0   0M
      12        0       0       0      53      6      0      0       0    0   0M
      10        0       0       0      59      9      0      0       0    0   0M
      14        0       0       0      58      6      0      0       0    0   0M
      14        0       0       0      58      7      0      0       0    0   0M
       8        0       0       0      54      6      0      0       0    0   0M
       9        0       0       0      51      7      0      0       0    0   0M
       7        0       0       0      56      7      0      0       0    0   0M
      12        0       0       0      14      2      0      0       0    0   0M
      11        0       0       0      31      3      0      0       0    0   0M
       8        0       0       0      49      7      0      0       0    0   0M
      15        0       0       0      54      7      0      0       0    0   0M
      14        0       0       0      44      6      0      0       0    0   0M
       5        0       0       0      29      3      0      0       0    0   0M
       9        0       0       0      26      2      0      0       0    0   0M
      13        0       0       0      57      7      0      0       0    0   0M
       7        0       0       0      51      6      0      0       0    0   0M
       8        0       0       0      42      5      0      0       0    0   0M
       8        0       0       0      37      4      0      0       0    0   0M
       8        0       0       0      19      3      0      0       0    0   0M
      11        0       0       0      56      7      0      0       0    0   0M
       7        0       0       0      34      4      0      0       0    0   0M
       5        0       0       0      34      5      0      0       0    0   0M
      10        0       0       0      28      3      0      0       0    0   0M
       8        0       0       0      29      2      0      0       0    0   0M
      11        0       0       0      54      7      0      0       0    0   0M
       4        0       0       0      26      3      0      0       0    0   0M
      12        0       0       0      39      4      0      0       0    0   0M
       5        0       0       0      44      6      0      0       0    0   0M
      16        0       0       0      53      6      0      0       0    0   0M
      13        0       0       0      57      9      0      0       0    0   0M
      12        0       0       0      39      4      0      0       0    0   0M
      14        0       0       0      59      8      0      0       0    0   0M
      12        0       0       0      53      7      0      0       0    0   0M
      11        0       0       0      58      7      0      0       0    0   0M
      11        0       0       0      59      8      0      0       0    0   0M
      14        0       0       0      54      8      0      0       0    0   0M
      11        0       0       0      60      7      0      0       0    0   0M
       9        0       0       0      56      7      0      0       0    0   0M
      10        0       0       0      54      8      0      0       0    0   0M
      15        0       0       0      41      5      0      0       0    0   0M
       9        0       0       0      21      1      0      0       0    0   0M
       6        0       0       0      40      6      0      0       0    0   0M
       4        0       0       0      25      3      0      0       0    0   0M
      13        0       0       0      54      7      0      0       0    0   0M
      12        0       0       0      56      7      0      0       0    0   0M
      12        0       0       0      29      1      0      0       0    0   0M
      10        0       0       0      37      4      0      0       0    0   0M
       8        0       0       0      38      5      0      0       0    0   0M
