       0        0       0       0       0      0      0      0       0    0   0M
       3        3       0       0       0      0      0      0       0    0   0M
       0        1       0       0       0      0      0      0       0    0   0M
       0        0       0       0       0      0      0      0       0    0   0M
      38        0       0       0       0      0      0      0       0    0   0M
      74        0       0       0       0      0      0      0       0    0   0M
      78        0       0       0       0      0      0      0       0    0   0M
      78        0       0       0       0      0      0      0       0    0   0M
      76        0       0       0       0      0      0      0       0    0   0M
      77        0       0       0       0      0      0      0       0    0   0M
      78        0       0       0       0      0      0      0       0    0   0M
      77        0       0       0       0      0      0      0       0    0   0M
      77        0       0       0       0      0      0      0       0    0   0M
      77        0       0       0       0      0      0      0       0    0   0M
      77        0       0       0       0      0      0      0       0    0   0M
      77        0       0       0       0      0      0      0       0    0   0M
      77        0       0       0       0      0      0      0       0    0   0M
      77        0       0       0       0      0      0      0       0    0   0M
      76        0       0       0       0      0      0      0       0    0   0M
      75        0       0       0       0      0      0      0       0    0   0M
      78        0       0       0       0      0      0      0       0    0   0M
      76        0       0       0       0      0      0      0       0    0   0M
      77        0       0       0       0      0      0      0       0    0   0M
      75        0       0       0       0      0      0      0       0    0   0M
      77        0       0       0       0      0      0      0       0    0   0M
      77        0       0       0       0      0      0      0       0    0   0M
      77        0       0       0       0      0      0      0       0    0   0M
      76        0       0       0       0      0      0      0       0    0   0M
      78        0       0       0       0      0      0      0       0    0   0M
      75        0       0       0       0      0      0      0       0    0   0M
      78        0       0       0       0      0      0      0       0    0   0M
      76        0       0       0       0      0      0      0       0    0   0M
      77        0       0       0       0      0      0      0       0    0   0M
      76        0       0       0       0      0      0      0       0    0   0M
      77        0       0       0       0      0      0      0       0    0   0M
      74        0       0       0       0      0      0      0       0    0   0M
      76        0       0       0       0      0      0      0       0    0   0M
      75        0       0       0       0      0      0      0       0    0   0M
      77        0       0       0       0      0      0      0       0    0   0M
      76        0       0       0       0      0      0      0       0    0   0M
      77        0       0       0       0      0      0      0       0    0   0M
      77        0       0       0       0      0      0      0       0    0   0M
      75        0       0       0       0      0      0      0       0    0   0M
      77        0       0       0       0      0      0      0       0    0   0M
      77        0       0       0       0      0      0      0       0    0   0M
      77        0       0       0       0      0      0      0       0    0   0M
      77        0       0       0       0      0      0      0       0    0   0M
      76        0       0       0       0      0      0      0       0    0   0M
      76        0       0       0       0      0      0      0       0    0   0M
      76        0       0       0       0      0      0      0       0    0   0M
      77        0       0       0       0      0      0      0       0    0   0M
      76        0       0       0       0      0      0      0       0    0   0M
      77        0       0       0       0      0      0      0       0    0   0M
      77        0       0       0       0      0      0      0       0    0   0M
      76        0       0       0       0      0      0      0       0    0   0M
      78        0       0       0       0      0      0      0       0    0   0M
      75        0       0       0       0      0      0      0       0    0   0M
      77        0       0       0       0      0      0      0       0    0   0M
      78        0       0       0       0      0      0      0       0    0   0M
      76        0       0       0       0      0      0      0       0    0   0M
      76        0       0       0       0      0      0      0       0    0   0M
      76        0       0       0       0      0      0      0       0    0   0M
      76        0       0       0       0      0      0      0       0    0   0M
      77        0       0       0       0      0      0      0       0    0   0M
      76        0       0       0       0      0      0      0       0    0   0M
      77        0       0       0       0      0      0      0       0    0   0M
      76        0       0       0       0      0      0      0       0    0   0M
      78        0       0       0       0      0      0      0       0    0   0M
      76        0       0       0       0      0      0      0       0    0   0M
      76        0       0       0       0      0      0      0       0    0   0M
      75        0       0       0       0      0      0      0       0    0   0M
      77        0       0       0       0      0      0      0       0    0   0M
      78        0       0       0       0      0      0      0       0    0   0M
      77        0       0       0       0      0      0      0       0    0   0M
      77        0       0       0       0      0      0      0       0    0   0M
      76        0       0       0       0      0      0      0       0    0   0M
      78        0       0       0       0      0      0      0       0    0   0M
      77        0       0       0       0      0      0      0       0    0   0M
      77        0       0       0       0      0      0      0       0    0   0M
      77        0       0       0       0      0      0      0       0    0   0M
      78        0       0       0       0      0      0      0       0    0   0M
      77        0       0       0       0      0      0      0       0    0   0M
      77        0       0       0       0      0      0      0       0    0   0M
      77        0       0       0       0      0      0      0       0    0   0M
      76        0       0       0       0      0      0      0       0    0   0M
      76        0       0       0       0      0      0      0       0    0   0M
      77        0       0       0       0      0      0      0       0    0   0M
      77        0       0       0       0      0      0      0       0    0   0M
      78        0       0       0       0      0      0      0       0    0   0M
      77        0       0       0       0      0      0      0       0    0   0M
      76        0       0       0       0      0      0      0       0    0   0M
      76        0       0       0       0      0      0      0       0    0   0M
      77        0       0       0       0      0      0      0       0    0   0M
      76        0       0       0       0      0      0      0       0    0   0M
      78        0       0       0       0      0      0      0       0    0   0M
      76        0       0       0       0      0      0      0       0    0   0M
      78        0       0       0       0      0      0      0       0    0   0M
      77        0       0       0       0      0      0      0       0    0   0M
      76        0       0       0       0      0      0      0       0    0   0M
      78        0       0       0       0      0      0      0       0    0   0M
      76        0       0       0       0      0      0      0       0    0   0M
      77        0       0       0       0      0      0      0       0    0   0M
      77        0       0       0       0      0      0      0       0    0   0M
