       0        0       0       0       0      0      0      0       0    0   0M
       2        2       0       0       0      0      0      0       0    0   0M
       2        1       0       0       0      0      0      0       0    0   0M
       0        0       0       0       0      0      0      0       0    0   0M
       0       33       0       0       0      0      0      0       0    0   0M
       0       72       0       0       0      0      0      0       0    0   0M
       0       71       0       0       0      0      0      0       0    0   0M
       0       71       0       0       0      0      0      0       0    0   0M
       0       69       0       0       0      0      0      0       0    0   0M
       0       73       0       0       0      0      0      0       0    0   0M
       0       69       0       0       0      0      0      0       0    0   0M
       0       70       0       0       0      0      0      0       0    0   0M
       0       70       0       0       0      0      0      0       0    0   0M
       0       70       0       0       0      0      0      0       0    0   0M
       0       69       0       0       0      0      0      0       0    0   0M
       0       70       0       0       0      0      0      0       0    0   0M
       0       69       0       0       0      0      0      0       0    0   0M
       0       69       0       0       0      0      0      0       0    0   0M
       0       71       0       0       0      0      0      0       0    0   0M
       0       73       0       0       0      0      0      0       0    0   0M
       0       68       0       0       0      0      0      0       0    0   0M
       0       67       0       0       0      0      0      0       0    0   0M
       0       72       0       0       0      0      0      0       0    0   0M
       0       71       0       0       0      0      0      0       0    0   0M
       0       70       0       0       0      0      0      0       0    0   0M
       0       71       0       0       0      0      0      0       0    0   0M
       0       70       0       0       0      0      0      0       0    0   0M
       0       70       0       0       0      0      0      0       0    0   0M
       0       67       0       0       0      0      0      0       0    0   0M
       0       70       0       0       0      0      0      0       0    0   0M
       0       71       0       0       0      0      0      0       0    0   0M
       0       71       0       0       0      0      0      0       0    0   0M
       0       71       0       0       0      0      0      0       0    0   0M
       0       69       0       0       0      0      0      0       0    0   0M
       0       66       0       0       0      0      0      0       0    0   0M
       0       71       0       0       0      0      0      0       0    0   0M
       0       70       0       0       0      0      0      0       0    0   0M
       0       69       0       0       0      0      0      0       0    0   0M
       0       73       0       0       0      0      0      0       0    0   0M
       0       72       0       0       0      0      0      0       0    0   0M
       0       72       0       0       0      0      0      0       0    0   0M
       0       72       0       0       0      0      0      0       0    0   0M
       0       69       0       0       0      0      0      0       0    0   0M
       0       69       0       0       0      0      0      0       0    0   0M
       0       70       0       0       0      0      0      0       0    0   0M
       0       71       0       0       0      0      0      0       0    0   0M
       0       71       0       0       0      0      0      0       0    0   0M
       0       70       0       0       0      0      0      0       0    0   0M
       0       70       0       0       0      0      0      0       0    0   0M
       0       68       0       0       0      0      0      0       0    0   0M
       0       70       0       0       0      0      0      0       0    0   0M
       0       72       0       0       0      0      0      0       0    0   0M
       0       71       0       0       0      0      0      0       0    0   0M
       0       71       0       0       0      0      0      0       0    0   0M
       0       69       0       0       0      0      0      0       0    0   0M
       0       70       0       0       0      0      0      0       0    0   0M
       0       70       0       0       0      0      0      0       0    0   0M
       0       68       0       0       0      0      0      0       0    0   0M
       0       70       0       0       0      0      0      0       0    0   0M
       0       71       0       0       0      0      0      0       0    0   0M
       0       70       0       0       0      0      0      0       0    0   0M
       0       68       0       0       0      0      0      0       0    0   0M
       0       70       0       0       0      0      0      0       0    0   0M
       0       68       0       0       0      0      0      0       0    0   0M
       0       72       0       0       0      0      0      0       0    0   0M
       0       70       0       0       0      0      0      0       0    0   0M
       0       69       0       0       0      0      0      0       0    0   0M
       0       69       0       0       0      0      0      0       0    0   0M
       0       70       0       0       0      0      0      0       0    0   0M
       0       69       0       0       0      0      0      0       0    0   0M
       0       70       0       0       0      0      0      0       0    0   0M
       0       71       0       0       0      0      0      0       0    0   0M
       0       71       0       0       0      0      0      0       0    0   0M
       0       70       0       0       0      0      0      0       0    0   0M
       0       71       0       0       0      0      0      0       0    0   0M
       0       70       0       0       0      0      0      0       0    0   0M
       0       68       0       0       0      0      0      0       0    0   0M
       0       72       0       0       0      0      0      0       0    0   0M
       0       71       0       0       0      0      0      0       0    0   0M
       0       70       0       0       0      0      0      0       0    0   0M
       0       70       0       0       0      0      0      0       0    0   0M
       0       73       0       0       0      0      0      0       0    0   0M
       0       69       0       0       0      0      0      0       0    0   0M
       0       69       0       0       0      0      0      0       0    0   0M
       0       71       0       0       0      0      0      0       0    0   0M
       0       69       0       0       0      0      0      0       0    0   0M
       0       72       0       0       0      0      0      0       0    0   0M
       0       70       0       0       0      0      0      0       0    0   0M
       0       70       0       0       0      0      0      0       0    0   0M
       0       67       0       0       0      0      0      0       0    0   0M
       0       71       0       0       0      0      0      0       0    0   0M
       0       72       0       0       0      0      0      0       0    0   0M
       0       69       0       0       0      0      0      0       0    0   0M
       0       69       0       0       0      0      0      0       0    0   0M
       0       72       0       0       0      0      0      0       0    0   0M
       0       68       0       0       0      0      0      0       0    0   0M
       0       71       0       0       0      0      0      0       0    0   0M
       0       70       0       0       0      0      0      0       0    0   0M
       0       70       0       0       0      0      0      0       0    0   0M
       0       72       0       0       0      0      0      0       0    0   0M
       0       68       0       0       0      0      0      0       0    0   0M
       0       68       0       0       0      0      0      0       0    0   0M
       0       67       0       0       0      0      0      0       0    0   0M
