       0        0       0       0       0      0      0      0       0    0   0M
       3        4       0       0       0      0      0      0       0    0   0M
       0        0       0       0       0      0      0      0       0    0   0M
       0        0       0       0       0      0      0      0       0    0   0M
       5        0       0       0      15      2      0      0       0    0   0M
      13        0       0       0      28      1      0      0       0    0   0M
      14        0       0       0      26      3      0      0       0    0   0M
       9        0       0       0      57      7      0      0       0    0   0M
      13        0       0       0      55      7      0      0       0    0   0M
       5        0       0       0      45      5      0      0       0    0   0M
       7        0       0       0      56      8      0      0       0    0   0M
      11        0       0       0      51      7      0      0       0    0   0M
      12        0       0       0      46      5      0      0       0    0   0M
       8        0       0       0      40      4      0      0       0    0   0M
      11        0       0       0      45      7      0      0       0    0   0M
      11        0       0       0      56      6      0      0       0    0   0M
      11        0       0       0      45      5      0      0       0    0   0M
      12        0       0       0      55      8      0      0       0    0   0M
       8        0       0       0      42      4      0      0       0    0   0M
      10        0       0       0      45      6      0      0       0    0   0M
      11        0       0       0      23      2      0      0       0    0   0M
       9        0       0       0      43      5      0      0       0    0   0M
      17        0       0       0      53      5      0      0       0    0   0M
       6        0       0       0      24      3      0      0       0    0   0M
      15        0       0       0      51      5      0      0       0    0   0M
      10        0       0       0      30      3      0      0       0    0   0M
       9        0       0       0      11      1      0      0       0    0   0M
      14        0       0       0      58      8      0      0       0    0   0M
      16        0       0       0      31      2      0      0       0    0   0M
      14        0       0       0      25      3      0      0       0    0   0M
      11        0       0       0      39      5      0      0       0    0   0M
      12        0       0       0      57      7      0      0       0    0   0M
      17        0       0       0      59      8      0      0       0    0   0M
      13        0       0       0      55      8      0      0       0    0   0M
      12        0       0       0      58      7      0      0       0    0   0M
       7        0       0       0      57      8      0      0       0    0   0M
      12        0       0       0      56      8      0      0       0    0   0M
      14        0       0       0      56      7      0      0       0    0   0M
       7        0       0       0      57      7      0      0       0    0   0M
      12        0       0       0      44      7      0      0       0    0   0M
      12        0       0       0      55      6      0      0       0    0   0M
      14        0       0       0      28      2      0      0       0    0   0M
      15        0       0       0      43      4      0      0       0    0   0M
      14        0       0       0      26      3      0      0       0    0   0M
      10        0       0       0      56      6      0      0       0    0   0M
       9        0       0       0      48      7      0      0       0    0   0M
      12        0       0       0      40      5      0      0       0    0   0M
       9        0       0       0      59      8      0      0       0    0   0M
       9        0       0       0      21      2      0      0       0    0   0M
      11        0       0       0      44      5      0      0       0    0   0M
      13        0       0       0      19      1      0      0       0    0   0M
      11        0       0       0      49      7      0      0       0    0   0M
      14        0       0       0      54      7      0      0       0    0   0M
       9        0       0       0      59      8      0      0       0    0   0M
      10        0       0       0      30      3      0      0       0    0   0M
      13        0       0       0      55      7      0      0       0    0   0M
       6        0       0       0      56      6      0      0       0    0   0M
       8        0       0       0      46      6      0      0       0    0   0M
      10        0       0       0      58      8      0      0       0    0   0M
      14        0       0       0      57      8      0      0       0    0   0M
      11        0       0       0      57      7      0      0       0    0   0M
       9        0       0       0      55      7      0      0       0    0   0M
       9        0       0       0      11      1      0      0       0    0   0M
      14        0       0       0      39      5      0      0       0    0   0M
      13        0       0       0      39      5      0      0       0    0   0M
      13        0       0       0      28      2      0      0       0    0   0M
       9        0       0       0      41      5      0      0       0    0   0M
      11        0       0       0      30      4      0      0       0    0   0M
      10        0       0       0      56      7      0      0       0    0   0M
      13        0       0       0      29      3      0      0       0    0   0M
      11        0       0       0      55      7      0      0       0    0   0M
      15        0       0       0      57      7      0      0       0    0   0M
      11        0       0       0      58      8      0      0       0    0   0M
      11        0       0       0      23      3      0      0       0    0   0M
       8        0       0       0      20      2      0      0       0    0   0M
      12        0       0       0      50      6      0      0       0    0   0M
      10        0       0       0      21      2      0      0       0    0   0M
      10        0       0       0      48      6      0      0       0    0   0M
      12        0       0       0      57      8      0      0       0    0   0M
      13        0       0       0      55      8      0      0       0    0   0M
      13        0       0       0      52      6      0      0       0    0   0M
      15        0       0       0      48      5      0      0       0    0   0M
      11        0       0       0      55      7      0      0       0    0   0M
      10        0       0       0      56      8      0      0       0    0   0M
      10        0       0       0      43      5      0      0       0    0   0M
      10        0       0       0      32      3      0      0       0    0   0M
      12        0       0       0      59      9      0      0       0    0   0M
      17        0       0       0      58      8      0      0       0    0   0M
      12        0       0       0      58      7      0      0       0    0   0M
       9        0       0       0      37      6      0      0       0    0   0M
      11        0       0       0      10      1      0      0       0    0   0M
       9        0       0       0      29      3      0      0       0    0   0M
       8        0       0       0      28      4      0      0       0    0   0M
      11        0       0       0      39      4      0      0       0    0   0M
      11        0       0       0      51      5      0      0       0    0   0M
      12        0       0       0      47      6      0      0       0    0   0M
       8        0       0       0      34      4      0      0       0    0   0M
      12        0       0       0      58      6      0      0       0    0   0M
      15        0       0       0      58      8      0      0       0    0   0M
      11        0       0       0      48      6      0      0       0    0   0M
      10        0       0       0      28      3      0      0       0    0   0M
      13        0       0       0      49      6      0      0       0    0   0M
      12        0       0       0      57      7      0      0       0    0   0M
