       0        0       0       0       0      0      0      0       0    0   0M
       1        0       0       0       0      0      0      0       0    0   0M
       1        0       0       0       0      0      0      0       0    0   0M
       3        3       0       0       0      0      0      0       0    0   0M
       5        1       0       0       4      0      0      0       0    0   0M
      10        0       0       0      15      2      0      0       0    0   0M
      14        0       0       0      38      5      0      0       0    0   0M
      12        0       0       0      56      7      0      0       0    0   0M
       6        0       0       0      49      7      0      0       0    0   0M
      14        0       0       0      49      6      0      0       0    0   0M
       8        0       0       0      26      3      0      0       0    0   0M
      13        0       0       0      55      8      0      0       0    0   0M
       7        0       0       0      56      7      0      0       0    0   0M
      16        0       0       0      58      7      0      0       0    0   0M
      14        0       0       0      57      8      0      0       0    0   0M
      11        0       0       0      55      7      0      0       0    0   0M
      12        0       0       0      55      7      0      0       0    0   0M
      13        0       0       0      59      8      0      0       0    0   0M
       7        0       0       0      47      6      0      0       0    0   0M
       5        0       0       0      26      2      0      0       0    0   0M
      10        0       0       0      50      7      0      0       0    0   0M
      11        0       0       0      58      7      0      0       0    0   0M
      12        0       0       0      56      8      0      0       0    0   0M
       7        0       0       0      54      6      0      0       0    0   0M
      14        0       0       0      22      2      0      0       0    0   0M
      11        0       0       0      37      4      0      0       0    0   0M
      11        0       0       0      35      3      0      0       0    0   0M
       8        0       0       0      36      5      0      0       0    0   0M
       6        0       0       0      35      5      0      0       0    0   0M
      11        0       0       0      50      5      0      0       0    0   0M
       8        0       0       0      30      4      0      0       0    0   0M
       7        0       0       0      16      1      0      0       0    0   0M
      16        0       0       0      46      6      0      0       0    0   0M
       7        0       0       0      55      7      0      0       0    0   0M
      11        0       0       0      51      7      0      0       0    0   0M
       8        0       0       0      54      7      0      0       0    0   0M
      13        0       0       0      59      8      0      0       0    0   0M
      11        0       0       0      56      6      0      0       0    0   0M
      10        0       0       0      55      7      0      0       0    0   0M
       8        0       0       0      42      6      0      0       0    0   0M
      13        0       0       0      56      7      0      0       0    0   0M
      14        0       0       0      55      6      0      0       0    0   0M
      11        0       0       0      57      7      0      0       0    0   0M
      12        0       0       0      34      3      0      0       0    0   0M
      15        0       0       0      48      5      0      0       0    0   0M
      16        0       0       0      56      6      0      0       0    0   0M
      17        0       0       0      32      3      0      0       0    0   0M
       9        0       0       0      33      3      0      0       0    0   0M
      12        0       0       0      59      9      0      0       0    0   0M
       5        0       0       0      26      3      0      0       0    0   0M
      12        0       0       0      34      3      0      0       0    0   0M
      15        0       0       0      42      4      0      0       0    0   0M
      11        0       0       0      25      2      0      0       0    0   0M
      11        0       0       0      50      6      0      0       0    0   0M
      14        0       0       0      59      8      0      0       0    0   0M
      12        0       0       0      57      8      0      0       0    0   0M
       9        0       0       0      58      8      0      0       0    0   0M
      13        0       0       0      45      6      0      0       0    0   0M
      13        0       0       0      52      7      0      0       0    0   0M
      13        0       0       0      31      3      0      0       0    0   0M
       7        0       0       0      26      2      0      0       0    0   0M
       8        0       0       0      45      6      0      0       0    0   0M
      15        0       0       0      55      7      0      0       0    0   0M
       8        0       0       0      54      7      0      0       0    0   0M
       7        0       0       0      47      7      0      0       0    0   0M
      14        0       0       0      55      7      0      0       0    0   0M
      15        0       0       0      57      7      0      0       0    0   0M
       8        0       0       0      58      8      0      0       0    0   0M
      13        0       0       0      32      3      0      0       0    0   0M
       9        0       0       0       7      1      0      0       0    0   0M
      10        0       0       0      55      7      0      0       0    0   0M
      10        0       0       0      55      7      0      0       0    0   0M
      14        0       0       0      50      5      0      0       0    0   0M
       9        0       0       0      26      2      0      0       0    0   0M
       6        0       0       0      40      6      0      0       0    0   0M
      11        0       0       0      56      8      0      0       0    0   0M
      13        0       0       0      50      7      0      0       0    0   0M
      13        0       0       0      56      7      0      0       0    0   0M
      10        0       0       0      26      2      0      0       0    0   0M
       9        0       0       0      59      8      0      0       0    0   0M
      15        0       0       0      56      7      0      0       0    0   0M
       9        0       0       0      59      9      0      0       0    0   0M
       7        0       0       0      54      7      0      0       0    0   0M
      12        0       0       0      47      7      0      0       0    0   0M
      11        0       0       0      57      8      0      0       0    0   0M
      10        0       0       0      58      8      0      0       0    0   0M
       8        0       0       0      57      8      0      0       0    0   0M
       8        0       0       0      43      5      0      0       0    0   0M
      15        0       0       0      51      6      0      0       0    0   0M
      12        0       0       0      59      8      0      0       0    0   0M
      11        0       0       0      26      3      0      0       0    0   0M
       7        0       0       0      28      3      0      0       0    0   0M
       7        0       0       0      46      6      0      0       0    0   0M
      11        0       0       0      42      6      0      0       0    0   0M
      17        0       0       0      41      5      0      0       0    0   0M
      10        0       0       0      58      9      0      0       0    0   0M
      11        0       0       0      57      8      0      0       0    0   0M
      10        0       0       0      21      2      0      0       0    0   0M
      10        0       0       0      41      5      0      0       0    0   0M
       9        0       0       0      47      6      0      0       0    0   0M
      13        0       0       0      57      8      0      0       0    0   0M
      13        0       0       0      55      7      0      0       0    0   0M
      12        0       0       0      57      8      0      0       0    0   0M
