       0        0       0       0       0      0      0      0       0    0   0M
       3        3       0       0       0      0      0      0       0    0   0M
       0        0       0       0       0      0      0      0       0    0   0M
       0        0       0       0       0      0      0      0       0    0   0M
      36        0       0       0       0      0      0      0       0    0   0M
      71        0       0       0       0      0      0      0       0    0   0M
      70        0       0       0       0      0      0      0       0    0   0M
      74        0       0       0       0      0      0      0       0    0   0M
      70        0       0       0       0      0      0      0       0    0   0M
      72        0       0       0       0      0      0      0       0    0   0M
      71        0       0       0       0      0      0      0       0    0   0M
      71        0       0       0       0      0      0      0       0    0   0M
      73        0       0       0       0      0      0      0       0    0   0M
      71        0       0       0       0      0      0      0       0    0   0M
      69        0       0       0       0      0      0      0       0    0   0M
      73        0       0       0       0      0      0      0       0    0   0M
      71        0       0       0       0      0      0      0       0    0   0M
      73        0       0       0       0      0      0      0       0    0   0M
      69        0       0       0       0      0      0      0       0    0   0M
      74        0       0       0       0      0      0      0       0    0   0M
      70        0       0       0       0      0      0      0       0    0   0M
      72        0       0       0       0      0      0      0       0    0   0M
      71        0       0       0       0      0      0      0       0    0   0M
      72        0       0       0       0      0      0      0       0    0   0M
      70        0       0       0       0      0      0      0       0    0   0M
      71        0       0       0       0      0      0      0       0    0   0M
      70        0       0       0       0      0      0      0       0    0   0M
      72        0       0       0       0      0      0      0       0    0   0M
      73        0       0       0       0      0      0      0       0    0   0M
      70        0       0       0       0      0      0      0       0    0   0M
      72        0       0       0       0      0      0      0       0    0   0M
      71        0       0       0       0      0      0      0       0    0   0M
      72        0       0       0       0      0      0      0       0    0   0M
      70        0       0       0       0      0      0      0       0    0   0M
      73        0       0       0       0      0      0      0       0    0   0M
      71        0       0       0       0      0      0      0       0    0   0M
      72        0       0       0       0      0      0      0       0    0   0M
      72        0       0       0       0      0      0      0       0    0   0M
      71        0       0       0       0      0      0      0       0    0   0M
      68        0       0       0       0      0      0      0       0    0   0M
      72        0       0       0       0      0      0      0       0    0   0M
      73        0       0       0       0      0      0      0       0    0   0M
      72        0       0       0       0      0      0      0       0    0   0M
      75        0       0       0       0      0      0      0       0    0   0M
      71        0       0       0       0      0      0      0       0    0   0M
      71        0       0       0       0      0      0      0       0    0   0M
      73        0       0       0       0      0      0      0       0    0   0M
      70        0       0       0       0      0      0      0       0    0   0M
      71        0       0       0       0      0      0      0       0    0   0M
      71        0       0       0       0      0      0      0       0    0   0M
      71        0       0       0       0      0      0      0       0    0   0M
      70        0       0       0       0      0      0      0       0    0   0M
      73        0       0       0       0      0      0      0       0    0   0M
      69        0       0       0       0      0      0      0       0    0   0M
      70        0       0       0       0      0      0      0       0    0   0M
      73        0       0       0       0      0      0      0       0    0   0M
      70        0       0       0       0      0      0      0       0    0   0M
      72        0       0       0       0      0      0      0       0    0   0M
      73        0       0       0       0      0      0      0       0    0   0M
      73        0       0       0       0      0      0      0       0    0   0M
      70        0       0       0       0      0      0      0       0    0   0M
      74        0       0       0       0      0      0      0       0    0   0M
      72        0       0       0       0      0      0      0       0    0   0M
      70        0       0       0       0      0      0      0       0    0   0M
      70        0       0       0       0      0      0      0       0    0   0M
      74        0       0       0       0      0      0      0       0    0   0M
      70        0       0       0       0      0      0      0       0    0   0M
      71        0       0       0       0      0      0      0       0    0   0M
      72        0       0       0       0      0      0      0       0    0   0M
      73        0       0       0       0      0      0      0       0    0   0M
      73        0       0       0       0      0      0      0       0    0   0M
      73        0       0       0       0      0      0      0       0    0   0M
      72        0       0       0       0      0      0      0       0    0   0M
      71        0       0       0       0      0      0      0       0    0   0M
      72        0       0       0       0      0      0      0       0    0   0M
      71        0       0       0       0      0      0      0       0    0   0M
      71        0       0       0       0      0      0      0       0    0   0M
      72        0       0       0       0      0      0      0       0    0   0M
      72        0       0       0       0      0      0      0       0    0   0M
      72        0       0       0       0      0      0      0       0    0   0M
      71        0       0       0       0      0      0      0       0    0   0M
      74        0       0       0       0      0      0      0       0    0   0M
      70        0       0       0       0      0      0      0       0    0   0M
      71        0       0       0       0      0      0      0       0    0   0M
      73        0       0       0       0      0      0      0       0    0   0M
      70        0       0       0       0      0      0      0       0    0   0M
      71        0       0       0       0      0      0      0       0    0   0M
      73        0       0       0       0      0      0      0       0    0   0M
      72        0       0       0       0      0      0      0       0    0   0M
      70        0       0       0       0      0      0      0       0    0   0M
      72        0       0       0       0      0      0      0       0    0   0M
      72        0       0       0       0      0      0      0       0    0   0M
      72        0       0       0       0      0      0      0       0    0   0M
      71        0       0       0       0      0      0      0       0    0   0M
      74        0       0       0       0      0      0      0       0    0   0M
      72        0       0       0       0      0      0      0       0    0   0M
      72        0       0       0       0      0      0      0       0    0   0M
      72        0       0       0       0      0      0      0       0    0   0M
      72        0       0       0       0      0      0      0       0    0   0M
      72        0       0       0       0      0      0      0       0    0   0M
      74        0       0       0       0      0      0      0       0    0   0M
      72        0       0       0       0      0      0      0       0    0   0M
      71        0       0       0       0      0      0      0       0    0   0M
