       0        0       0       0       0      0      0      0       0    0   0M
       3        3       0       0       2      0      0      0       0    0   0M
       0        0       0       0       0      0      0      0       0    0   0M
       0        0       0       0       0      0      0      0       0    0   0M
       0       35       0       0       0      0      0      0       0    0   0M
       0       71       0       0       0      0      0      0       0    0   0M
       0       70       0       0       0      0      0      0       0    0   0M
       0       74       0       0       0      0      0      0       0    0   0M
       0       70       0       0       0      0      0      0       0    0   0M
       0       73       0       0       0      0      0      0       0    0   0M
       0       71       0       0       0      0      0      0       0    0   0M
       0       70       0       0       0      0      0      0       0    0   0M
       0       73       0       0       0      0      0      0       0    0   0M
       0       71       0       0       0      0      0      0       0    0   0M
       0       69       0       0       0      0      0      0       0    0   0M
       0       73       0       0       0      0      0      0       0    0   0M
       0       71       0       0       0      0      0      0       0    0   0M
       0       73       0       0       0      0      0      0       0    0   0M
       0       69       0       0       0      0      0      0       0    0   0M
       0       74       0       0       0      0      0      0       0    0   0M
       0       70       0       0       0      0      0      0       0    0   0M
       0       72       0       0       0      0      0      0       0    0   0M
       0       71       0       0       0      0      0      0       0    0   0M
       0       72       0       0       0      0      0      0       0    0   0M
       0       70       0       0       0      0      0      0       0    0   0M
       0       71       0       0       0      0      0      0       0    0   0M
       0       70       0       0       0      0      0      0       0    0   0M
       0       72       0       0       0      0      0      0       0    0   0M
       0       73       0       0       0      0      0      0       0    0   0M
       0       70       0       0       0      0      0      0       0    0   0M
       0       71       0       0       0      0      0      0       0    0   0M
       0       72       0       0       0      0      0      0       0    0   0M
       0       72       0       0       0      0      0      0       0    0   0M
       0       70       0       0       0      0      0      0       0    0   0M
       0       73       0       0       0      0      0      0       0    0   0M
       0       72       0       0       0      0      0      0       0    0   0M
       0       71       0       0       0      0      0      0       0    0   0M
       0       72       0       0       0      0      0      0       0    0   0M
       0       71       0       0       0      0      0      0       0    0   0M
       0       68       0       0       0      0      0      0       0    0   0M
       0       72       0       0       0      0      0      0       0    0   0M
       0       73       0       0       0      0      0      0       0    0   0M
       0       72       0       0       0      0      0      0       0    0   0M
       0       75       0       0       0      0      0      0       0    0   0M
       0       71       0       0       0      0      0      0       0    0   0M
       0       71       0       0       0      0      0      0       0    0   0M
       0       73       0       0       0      0      0      0       0    0   0M
       0       70       0       0       0      0      0      0       0    0   0M
       0       70       0       0       0      0      0      0       0    0   0M
       0       72       0       0       0      0      0      0       0    0   0M
       0       71       0       0       0      0      0      0       0    0   0M
       0       71       0       0       0      0      0      0       0    0   0M
       0       72       0       0       0      0      0      0       0    0   0M
       0       69       0       0       0      0      0      0       0    0   0M
       0       71       0       0       0      0      0      0       0    0   0M
       0       72       0       0       0      0      0      0       0    0   0M
       0       69       0       0       0      0      0      0       0    0   0M
       0       73       0       0       0      0      0      0       0    0   0M
       0       73       0       0       0      0      0      0       0    0   0M
       0       73       0       0       0      0      0      0       0    0   0M
       0       70       0       0       0      0      0      0       0    0   0M
       0       74       0       0       0      0      0      0       0    0   0M
       0       72       0       0       0      0      0      0       0    0   0M
       0       70       0       0       0      0      0      0       0    0   0M
       0       70       0       0       0      0      0      0       0    0   0M
       0       74       0       0       0      0      0      0       0    0   0M
       0       70       0       0       0      0      0      0       0    0   0M
       0       71       0       0       0      0      0      0       0    0   0M
       0       72       0       0       0      0      0      0       0    0   0M
       0       73       0       0       0      0      0      0       0    0   0M
       0       73       0       0       0      0      0      0       0    0   0M
       0       73       0       0       0      0      0      0       0    0   0M
       0       72       0       0       0      0      0      0       0    0   0M
       0       71       0       0       0      0      0      0       0    0   0M
       0       73       0       0       0      0      0      0       0    0   0M
       0       70       0       0       0      0      0      0       0    0   0M
       0       71       0       0       0      0      0      0       0    0   0M
       0       71       0       0       0      0      0      0       0    0   0M
       0       73       0       0       0      0      0      0       0    0   0M
       0       72       0       0       0      0      0      0       0    0   0M
       0       72       0       0       0      0      0      0       0    0   0M
       0       73       0       0       0      0      0      0       0    0   0M
       0       70       0       0       0      0      0      0       0    0   0M
       0       72       0       0       0      0      0      0       0    0   0M
       0       72       0       0       0      0      0      0       0    0   0M
       0       71       0       0       0      0      0      0       0    0   0M
       0       70       0       0       0      0      0      0       0    0   0M
       0       73       0       0       0      0      0      0       0    0   0M
       0       73       0       0       0      0      0      0       0    0   0M
       0       69       0       0       0      0      0      0       0    0   0M
       0       72       0       0       0      0      0      0       0    0   0M
       0       72       0       0       0      0      0      0       0    0   0M
       0       72       0       0       0      0      0      0       0    0   0M
       0       71       0       0       0      0      0      0       0    0   0M
       0       74       0       0       0      0      0      0       0    0   0M
       0       73       0       0       0      0      0      0       0    0   0M
       0       71       0       0       0      0      0      0       0    0   0M
       0       72       0       0       0      0      0      0       0    0   0M
       0       71       0       0       0      0      0      0       0    0   0M
       0       73       0       0       0      0      0      0       0    0   0M
       0       74       0       0       0      0      0      0       0    0   0M
       0       72       0       0       0      0      0      0       0    0   0M
       0       71       0       0       0      0      0      0       0    0   0M
