       0        0       0       0       0      0      0      0       0    0   0M
       3        3       0       0       0      0      0      0       0    0   0M
       0        0       0       0       0      0      0      0       0    0   0M
       0        0       0       0       0      0      0      0       0    0   0M
       0        4       0       0       0      0      0      0       0    0   0M
       0        0       0       0       0      0      0      0       0    0   0M
       0        2       0       0       0      0      0      0       0    0   0M
       0        2       0       0       0      0      0      0       0    0   0M
       0        2       0       0       0      0      0      0       0    0   0M
       0        3       0       0       0      0      0      0       0    0   0M
       0        2       0       0       0      0      0      0       0    0   0M
       0        3       0       0       0      0      0      0       0    0   0M
       0        3       0       0       0      0      0      0       0    0   0M
       0        3       0       0       0      0      0      0       0    0   0M
       0        5       0       0       0      0      0      0       0    0   0M
       0        3       0       0       0      0      0      0       0    0   0M
       0        4       0       0       0      0      0      0       0    0   0M
       0        4       0       0       0      0      0      0       0    0   0M
       0        3       0       0       0      0      0      0       0    0   0M
       0        4       0       0       0      0      0      0       0    0   0M
       0        4       0       0       0      0      0      0       0    0   0M
       0        6       0       0       0      0      0      0       0    0   0M
       0        2       0       0       0      0      0      0       0    0   0M
       0        4       0       0       0      0      0      0       0    0   0M
       0        0       0       0       0      0      0      0       0    0   0M
       0        2       0       0       0      0      0      0       0    0   0M
       0        2       0       0       0      0      0      0       0    0   0M
       0        4       0       0       0      0      0      0       0    0   0M
       0        6       0       0       0      0      0      0       0    0   0M
       0        2       0       0       0      0      0      0       0    0   0M
       0        5       0       0       0      0      0      0       0    0   0M
       0        2       0       0       0      0      0      0       0    0   0M
       0        2       0       0       0      0      0      0       0    0   0M
       0        2       0       0       0      0      0      0       0    0   0M
       0        2       0       0       0      0      0      0       0    0   0M
       0        3       0       0       0      0      0      0       0    0   0M
       0        3       0       0       0      0      0      0       0    0   0M
       0        7       0       0       0      0      0      0       0    0   0M
       0        2       0       0       0      0      0      0       0    0   0M
       0        3       0       0       0      0      0      0       0    0   0M
       0        4       0       0       0      0      0      0       0    0   0M
       0        2       0       0       0      0      0      0       0    0   0M
       0        1       0       0       0      0      0      0       0    0   0M
       0        5       0       0       0      0      0      0       0    0   0M
       0        4       0       0       0      0      0      0       0    0   0M
       0        1       0       0       0      0      0      0       0    0   0M
       0        2       0       0       0      0      0      0       0    0   0M
       0        1       0       0       0      0      0      0       0    0   0M
       0        2       0       0       0      0      0      0       0    0   0M
       0        2       0       0       0      0      0      0       0    0   0M
       0        4       0       0       0      0      0      0       0    0   0M
       0        4       0       0       0      0      0      0       0    0   0M
       0        6       0       0       0      0      0      0       0    0   0M
       0        2       0       0       0      0      0      0       0    0   0M
       0        3       0       0       0      0      0      0       0    0   0M
       0        4       0       0       0      0      0      0       0    0   0M
       0        2       0       0       0      0      0      0       0    0   0M
       0        6       0       0       0      0      0      0       0    0   0M
       0        1       0       0       0      0      0      0       0    0   0M
       0        5       0       0       0      0      0      0       0    0   0M
       0        6       0       0       0      0      0      0       0    0   0M
       0        4       0       0       0      0      0      0       0    0   0M
       0        3       0       0       0      0      0      0       0    0   0M
       0        1       0       0       0      0      0      0       0    0   0M
       0        4       0       0       0      0      0      0       0    0   0M
       0        1       0       0       0      0      0      0       0    0   0M
       0        5       0       0       0      0      0      0       0    0   0M
       0        6       0       0       0      0      0      0       0    0   0M
       0        2       0       0       0      0      0      0       0    0   0M
       0        6       0       0       0      0      0      0       0    0   0M
       0        3       0       0       0      0      0      0       0    0   0M
       0        1       0       0       0      0      0      0       0    0   0M
       0        3       0       0       0      0      0      0       0    0   0M
       0        5       0       0       0      0      0      0       0    0   0M
       0        3       0       0       0      0      0      0       0    0   0M
       0        3       0       0       0      0      0      0       0    0   0M
       0        2       0       0       0      0      0      0       0    0   0M
       0        4       0       0       0      0      0      0       0    0   0M
       0        1       0       0       0      0      0      0       0    0   0M
       0        1       0       0       0      0      0      0       0    0   0M
       0        1       0       0       0      0      0      0       0    0   0M
       0        2       0       0       0      0      0      0       0    0   0M
       0        1       0       0       0      0      0      0       0    0   0M
       0        4       0       0       0      0      0      0       0    0   0M
       0        4       0       0       0      0      0      0       0    0   0M
       0        1       0       0       0      0      0      0       0    0   0M
       0        3       0       0       0      0      0      0       0    0   0M
       0        7       0       0       0      0      0      0       0    0   0M
       0        5       0       0       0      0      0      0       0    0   0M
       0        2       0       0       0      0      0      0       0    0   0M
       0        6       0       0       0      0      0      0       0    0   0M
       0        3       0       0       0      0      0      0       0    0   0M
       0        4       0       0       0      0      0      0       0    0   0M
       0        4       0       0       0      0      0      0       0    0   0M
       0        4       0       0       0      0      0      0       0    0   0M
       0        3       0       0       0      0      0      0       0    0   0M
       0        2       0       0       0      0      0      0       0    0   0M
       0        3       0       0       0      0      0      0       0    0   0M
       0        1       0       0       0      0      0      0       0    0   0M
       0        3       0       0       0      0      0      0       0    0   0M
       0        2       0       0       0      0      0      0       0    0   0M
       0        3       0       0       0      0      0      0       0    0   0M
       0        1       0       0       0      0      0      0       0    0   0M
