       0        0       0       0       0      0      0      0       0    0   0M
       1        1       0       0       0      0      0      0       0    0   0M
       3        3       0       0       0      0      0      0       0    0   0M
       0        0       0       0       0      0      0      0       0    0   0M
       6        0       0       0       1      0      0      0       0    0   0M
       8        0       0       0      11      1      0      0       0    0   0M
      10        0       0       0       8      0      0      0       0    0   0M
      12        0       0       0       5      0      0      0       0    0   0M
      11        0       0       0      25      2      0      0       0    0   0M
      10        0       0       0      48      5      0      0       0    0   0M
       8        0       0       0      54      6      0      0       0    0   0M
      12        0       0       0      57      7      0      0       0    0   0M
      11        0       0       0      59      8      0      0       0    0   0M
      10        0       0       0      53      5      0      0       0    0   0M
      11        0       0       0      48      6      0      0       0    0   0M
      11        0       0       0      42      4      0      0       0    0   0M
      14        0       0       0      32      2      0      0       0    0   0M
      13        0       0       0      56      8      0      0       0    0   0M
       9        0       0       0      31      4      0      0       0    0   0M
      10        0       0       0      33      3      0      0       0    0   0M
      10        0       0       0      34      4      0      0       0    0   0M
      11        0       0       0      50      7      0      0       0    0   0M
      14        0       0       0      55      7      0      0       0    0   0M
      13        0       0       0      18      1      0      0       0    0   0M
      12        0       0       0      54      7      0      0       0    0   0M
      11        0       0       0      31      4      0      0       0    0   0M
       6        0       0       0      20      2      0      0       0    0   0M
      12        0       0       0      36      4      0      0       0    0   0M
      12        0       0       0      35      4      0      0       0    0   0M
       7        0       0       0      38      5      0      0       0    0   0M
      14        0       0       0      38      3      0      0       0    0   0M
       9        0       0       0      16      1      0      0       0    0   0M
       8        0       0       0       6      0      0      0       0    0   0M
      12        0       0       0      38      4      0      0       0    0   0M
      13        0       0       0      38      5      0      0       0    0   0M
      14        0       0       0      57      7      0      0       0    0   0M
      10        0       0       0      57      8      0      0       0    0   0M
      11        0       0       0      56      7      0      0       0    0   0M
      13        0       0       0      40      4      0      0       0    0   0M
       5        0       0       0       3      0      0      0       0    0   0M
       8        0       0       0      25      2      0      0       0    0   0M
       9        0       0       0      16      1      0      0       0    0   0M
       6        0       0       0      28      3      0      0       0    0   0M
      12        0       0       0       6      0      0      0       0    0   0M
      12        0       0       0      53      7      0      0       0    0   0M
      15        0       0       0      39      6      0      0       0    0   0M
      11        0       0       0      29      3      0      0       0    0   0M
      11        0       0       0       8      0      0      0       0    0   0M
       8        0       0       0       6      0      0      0       0    0   0M
      12        0       0       0       9      1      0      0       0    0   0M
       9        0       0       0      12      0      0      0       0    0   0M
       6        0       0       0      29      4      0      0       0    0   0M
      11        0       0       0      57      8      0      0       0    0   0M
      12        0       0       0      30      2      0      0       0    0   0M
      11        0       0       0      26      3      0      0       0    0   0M
       8        0       0       0      58      7      0      0       0    0   0M
      13        0       0       0      54      8      0      0       0    0   0M
       7        0       0       0      51      7      0      0       0    0   0M
      11        0       0       0      56      7      0      0       0    0   0M
       7        0       0       0      32      4      0      0       0    0   0M
      13        0       0       0      10      1      0      0       0    0   0M
       9        0       0       0      16      1      0      0       0    0   0M
      14        0       0       0      29      2      0      0       0    0   0M
      10        0       0       0      58      8      0      0       0    0   0M
      12        0       0       0      54      6      0      0       0    0   0M
      10        0       0       0      56      8      0      0       0    0   0M
      11        0       0       0      55      6      0      0       0    0   0M
      16        0       0       0      51      6      0      0       0    0   0M
      14        0       0       0      35      4      0      0       0    0   0M
       8        0       0       0      18      2      0      0       0    0   0M
      15        0       0       0       7      0      0      0       0    0   0M
       8        0       0       0       3      0      0      0       0    0   0M
      16        0       0       0      27      2      0      0       0    0   0M
       9        0       0       0      38      4      0      0       0    0   0M
      14        0       0       0      58      9      0      0       0    0   0M
       8        0       0       0      25      3      0      0       0    0   0M
      13        0       0       0      23      1      0      0       0    0   0M
       9        0       0       0      16      1      0      0       0    0   0M
      10        0       0       0      28      3      0      0       0    0   0M
      10        0       0       0      49      7      0      0       0    0   0M
      13        0       0       0      18      2      0      0       0    0   0M
      11        0       0       0      24      3      0      0       0    0   0M
      12        0       0       0      29      2      0      0       0    0   0M
       8        0       0       0      18      2      0      0       0    0   0M
      12        0       0       0      16      1      0      0       0    0   0M
      10        0       0       0       7      0      0      0       0    0   0M
      12        0       0       0      34      3      0      0       0    0   0M
       7        0       0       0      40      4      0      0       0    0   0M
       8        0       0       0      28      4      0      0       0    0   0M
      11        0       0       0      20      0      0      0       0    0   0M
      14        0       0       0      12      1      0      0       0    0   0M
      12        0       0       0      17      2      0      0       0    0   0M
      11        0       0       0      20      2      0      0       0    0   0M
      12        0       0       0      25      2      0      0       0    0   0M
      12        0       0       0      27      2      0      0       0    0   0M
      14        0       0       0      35      4      0      0       0    0   0M
      13        0       0       0      40      4      0      0       0    0   0M
      15        0       0       0      41      4      0      0       0    0   0M
      11        0       0       0      56      8      0      0       0    0   0M
      14        0       0       0      61      9      0      0       0    0   0M
      15        0       0       0      42      5      0      0       0    0   0M
      13        0       0       0      42      5      0      0       0    0   0M
       9        0       0       0      34      4      0      0       0    0   0M
