       0        0       0       0       0      0      0      0       0    0   0M
       1        1       0       0       0      0      0      0       0    0   0M
       3        3       0       0       0      0      1      0       0    0   0M
       0        0       0       0       0      0      0      0       0    0   0M
       2        0       0       0       1      0      0      0       0    0   0M
      11        0       0       0      31      2      0      0       0    0   0M
      11        0       0       0      14      1      0      0       0    0   0M
       6        0       0       0      31      3      0      0       0    0   0M
      12        0       0       0      33      3      0      0       0    0   0M
       9        0       0       0      58      9      0      0       0    0   0M
      12        0       0       0      48      6      0      0       0    0   0M
      14        0       0       0      57      7      0      0       0    0   0M
      13        0       0       0      58      7      0      0       0    0   0M
      14        0       0       0      30      2      0      0       0    0   0M
      11        0       0       0      57      9      0      0       0    0   0M
      16        0       0       0      55      7      0      0       0    0   0M
      15        0       0       0      52      7      0      0       0    0   0M
      12        0       0       0      40      5      0      0       0    0   0M
       9        0       0       0      47      5      0      0       0    0   0M
       9        0       0       0      46      6      0      0       0    0   0M
      13        0       0       0      60      7      0      0       0    0   0M
       9        0       0       0      57      7      0      0       0    0   0M
      13        0       0       0      25      2      0      0       0    0   0M
      11        0       0       0      47      6      0      0       0    0   0M
      13        0       0       0      31      3      0      0       0    0   0M
      14        0       0       0      54      7      0      0       0    0   0M
       8        0       0       0      38      5      0      0       0    0   0M
      10        0       0       0      20      2      0      0       0    0   0M
      11        0       0       0      54      6      0      0       0    0   0M
       8        0       0       0      54      5      0      0       0    0   0M
       8        0       0       0      34      5      0      0       0    0   0M
       3        0       0       0      40      6      0      0       0    0   0M
      15        0       0       0      54      7      0      0       0    0   0M
      12        0       0       0      29      2      0      0       0    0   0M
      13        0       0       0      42      5      0      0       0    0   0M
      11        0       0       0      58      8      0      0       0    0   0M
      14        0       0       0      43      4      0      0       0    0   0M
      12        0       0       0      50      5      0      0       0    0   0M
      15        0       0       0      30      3      0      0       0    0   0M
       7        0       0       0      22      2      0      0       0    0   0M
       6        0       0       0      34      4      0      0       0    0   0M
      10        0       0       0      58      7      0      0       0    0   0M
      12        0       0       0      47      5      0      0       0    0   0M
      12        0       0       0      54      7      0      0       0    0   0M
       7        0       0       0      47      5      0      0       0    0   0M
       9        0       0       0      59      8      0      0       0    0   0M
      12        0       0       0      27      2      0      0       0    0   0M
       5        0       0       0      12      2      0      0       0    0   0M
       9        0       0       0      28      3      0      0       0    0   0M
       9        0       0       0      23      2      0      0       0    0   0M
       7        0       0       0      21      3      0      0       0    0   0M
      15        0       0       0      24      2      0      0       0    0   0M
      13        0       0       0      53      7      0      0       0    0   0M
       9        0       0       0      50      6      0      0       0    0   0M
      13        0       0       0      57      7      0      0       0    0   0M
       6        0       0       0      53      6      0      0       0    0   0M
      10        0       0       0      56      8      0      0       0    0   0M
       8        0       0       0      59      8      0      0       0    0   0M
      12        0       0       0      57      7      0      0       0    0   0M
      14        0       0       0      44      6      0      0       0    0   0M
      10        0       0       0      18      0      0      0       0    0   0M
      13        0       0       0      45      7      0      0       0    0   0M
      14        0       0       0      60      8      0      0       0    0   0M
      13        0       0       0      55      7      0      0       0    0   0M
      13        0       0       0      54      6      0      0       0    0   0M
      10        0       0       0      59      9      0      0       0    0   0M
       8        0       0       0      57      7      0      0       0    0   0M
       9        0       0       0      46      6      0      0       0    0   0M
      11        0       0       0      33      3      0      0       0    0   0M
      11        0       0       0      19      0      0      0       0    0   0M
       9        0       0       0      22      2      0      0       0    0   0M
       5        0       0       0       9      1      0      0       0    0   0M
      11        0       0       0      12      1      0      0       0    0   0M
      10        0       0       0      56      8      0      0       0    0   0M
      10        0       0       0      36      3      0      0       0    0   0M
       8        0       0       0      57      9      0      0       0    0   0M
      12        0       0       0      21      2      0      0       0    0   0M
      14        0       0       0      34      3      0      0       0    0   0M
      12        0       0       0      56      8      0      0       0    0   0M
      12        0       0       0      58      8      0      0       0    0   0M
      14        0       0       0      31      3      0      0       0    0   0M
      14        0       0       0      10      1      0      0       0    0   0M
      10        0       0       0      18      2      0      0       0    0   0M
       9        0       0       0      28      1      0      0       0    0   0M
       5        0       0       0      12      2      0      0       0    0   0M
       9        0       0       0      14      1      0      0       0    0   0M
       8        0       0       0      47      7      0      0       0    0   0M
       9        0       0       0      39      4      0      0       0    0   0M
      11        0       0       0      47      7      0      0       0    0   0M
       7        0       0       0       8      0      0      0       0    0   0M
      11        0       0       0      31      3      0      0       0    0   0M
      16        0       0       0      23      2      0      0       0    0   0M
       8        0       0       0      48      6      0      0       0    0   0M
       9        0       0       0      47      5      0      0       0    0   0M
      12        0       0       0      27      1      0      0       0    0   0M
      17        0       0       0      54      7      0      0       0    0   0M
       5        0       0       0      27      2      0      0       0    0   0M
      14        0       0       0      54      7      0      0       0    0   0M
      16        0       0       0      59      8      0      0       0    0   0M
       9        0       0       0      48      5      0      0       0    0   0M
       5        0       0       0      24      3      0      0       0    0   0M
      15        0       0       0      43      6      0      0       0    0   0M
      10        0       0       0      49      6      0      0       0    0   0M
