       0        0       0       0       0      0      0      0       0    0   0M
       1        1       0       0       0      0      0      0       0    0   0M
       3        3       0       0       0      0      0      0       0    0   0M
       0        0       0       0       0      0      0      0       0    0   0M
       4        0       0       0      18      1      0      0       0    0   0M
      11        0       0       0      50      7      0      0       0    0   0M
       7        0       0       0      45      5      0      0       0    0   0M
       9        0       0       0      42      3      0      0       0    0   0M
      12        0       0       0      53      6      0      0       0    0   0M
      11        0       0       0      54      6      0      0       0    0   0M
      12        0       0       0      57      7      0      0       0    0   0M
       9        0       0       0      56      6      0      0       0    0   0M
      10        0       0       0      50      6      0      0       0    0   0M
       7        0       0       0      30      4      0      0       0    0   0M
      15        0       0       0      57      7      0      0       0    0   0M
      10        0       0       0      50      5      0      0       0    0   0M
      10        0       0       0      58      7      0      0       0    0   0M
      10        0       0       0      45      4      0      0       0    0   0M
      10        0       0       0      50      4      0      0       0    0   0M
      12        0       0       0      57      6      0      0       0    0   0M
      12        0       0       0      47      5      0      0       0    0   0M
       7        0       0       0      41      4      0      0       0    0   0M
       7        0       0       0      29      2      0      0       0    0   0M
       9        0       0       0      47      5      0      0       0    0   0M
       9        0       0       0      45      5      0      0       0    0   0M
      13        0       0       0      56      7      0      0       0    0   0M
       9        0       0       0      46      5      0      0       0    0   0M
      10        0       0       0      41      3      0      0       0    0   0M
      12        0       0       0      57      5      0      0       0    0   0M
      13        0       0       0      56      6      0      0       0    0   0M
       9        0       0       0      52      6      0      0       0    0   0M
      11        0       0       0      47      5      0      0       0    0   0M
       8        0       0       0      52      6      0      0       0    0   0M
       7        0       0       0      21      2      0      0       0    0   0M
      15        0       0       0      54      5      0      0       0    0   0M
       9        0       0       0      47      3      0      0       0    0   0M
      11        0       0       0      49      5      0      0       0    0   0M
       7        0       0       0      38      4      0      0       0    0   0M
      15        0       0       0      48      4      0      0       0    0   0M
      12        0       0       0      44      5      0      0       0    0   0M
       8        0       0       0      52      5      0      0       0    0   0M
      12        0       0       0      49      6      0      0       0    0   0M
       8        0       0       0      32      3      0      0       0    0   0M
      16        0       0       0      55      3      0      0       0    0   0M
      10        0       0       0      52      4      0      0       0    0   0M
      12        0       0       0      57      8      0      0       0    0   0M
      13        0       0       0      55      5      0      0       0    0   0M
      15        0       0       0      54      7      0      0       0    0   0M
      11        0       0       0      55      7      0      0       0    0   0M
       9        0       0       0      53      5      0      0       0    0   0M
      11        0       0       0      47      5      0      0       0    0   0M
       4        0       0       0      35      5      0      0       0    0   0M
      12        0       0       0      48      4      0      0       0    0   0M
      12        0       0       0      56      6      0      0       0    0   0M
      13        0       0       0      57      7      0      0       0    0   0M
      14        0       0       0      55      6      0      0       0    0   0M
      10        0       0       0      55      4      0      0       0    0   0M
      13        0       0       0      46      5      0      0       0    0   0M
      12        0       0       0      51      3      0      0       0    0   0M
      11        0       0       0      52      6      0      0       0    0   0M
       8        0       0       0      44      5      0      0       0    0   0M
      13        0       0       0      53      5      0      0       0    0   0M
      13        0       0       0      56      5      0      0       0    0   0M
      12        0       0       0      54      5      0      0       0    0   0M
      10        0       0       0      54      6      0      0       0    0   0M
      11        0       0       0      53      6      0      0       0    0   0M
       9        0       0       0      55      6      0      0       0    0   0M
       5        0       0       0      31      5      0      0       0    0   0M
       7        0       0       0      31      3      0      0       0    0   0M
       7        0       0       0      31      4      0      0       0    0   0M
       8        0       0       0      40      2      0      0       0    0   0M
      12        0       0       0      48      5      0      0       0    0   0M
      12        0       0       0      48      5      0      0       0    0   0M
       9        0       0       0      56      7      0      0       0    0   0M
      10        0       0       0      55      6      0      0       0    0   0M
       6        0       0       0      45      5      0      0       0    0   0M
      11        0       0       0      43      3      0      0       0    0   0M
      11        0       0       0      41      3      0      0       0    0   0M
      10        0       0       0      53      7      0      0       0    0   0M
       8        0       0       0      45      5      0      0       0    0   0M
       8        0       0       0      42      6      0      0       0    0   0M
       7        0       0       0      28      4      0      0       0    0   0M
      11        0       0       0      39      4      0      0       0    0   0M
       9        0       0       0      50      4      0      0       0    0   0M
       9        0       0       0      35      5      0      0       0    0   0M
      10        0       0       0      37      4      0      0       0    0   0M
       9        0       0       0      55      7      0      0       0    0   0M
      11        0       0       0      56      7      0      0       0    0   0M
       8        0       0       0      37      4      0      0       0    0   0M
      14        0       0       0      47      4      0      0       0    0   0M
      16        0       0       0      57      7      0      0       0    0   0M
      12        0       0       0      57      8      0      0       0    0   0M
      12        0       0       0      34      3      0      0       0    0   0M
       9        0       0       0      50      5      0      0       0    0   0M
       6        0       0       0      29      2      0      0       0    0   0M
       9        0       0       0      44      5      0      0       0    0   0M
      12        0       0       0      53      5      0      0       0    0   0M
       9        0       0       0      41      5      0      0       0    0   0M
       9        0       0       0      44      5      0      0       0    0   0M
       5        0       0       0      28      3      0      0       0    0   0M
       9        0       0       0      54      7      0      0       0    0   0M
       5        0       0       0      35      2      0      0       0    0   0M
      12        0       0       0      49      5      0      0       0    0   0M
