       0        0       0       0       0      0      0      0       0    0   0M
       1        1       0       0       0      0      0      0       0    0   0M
       3        3       0       0       0      0      0      0       0    0   0M
       0        0       0       0       0      0      0      0       0    0   0M
       6        0       0       0       3      0      0      0       0    0   0M
      12        0       0       0      45      4      0      0       0    0   0M
      11        0       0       0      28      1      0      0       0    0   0M
      12        0       0       0      34      2      0      0       0    0   0M
       6        0       0       0      25      2      0      0       0    0   0M
      14        0       0       0      45      3      0      0       0    0   0M
       9        0       0       0      17      0      0      0       0    0   0M
      14        0       0       0      41      2      0      0       0    0   0M
      13        0       0       0      40      4      0      0       0    0   0M
      12        0       0       0      30      2      0      0       0    0   0M
      12        0       0       0      32      2      0      0       0    0   0M
      16        0       0       0      42      4      0      0       0    0   0M
      11        0       0       0      21      0      0      0       0    0   0M
       8        0       0       0      21      1      0      0       0    0   0M
      12        0       0       0      35      1      0      0       0    0   0M
      12        0       0       0      21      2      0      0       0    0   0M
       9        0       0       0      37      3      0      0       0    0   0M
       8        0       0       0      16      1      0      0       0    0   0M
       8        0       0       0      21      1      0      0       0    0   0M
      12        0       0       0      38      3      0      0       0    0   0M
      14        0       0       0      25      1      0      0       0    0   0M
      11        0       0       0      29      2      0      0       0    0   0M
       7        0       0       0      19      0      0      0       0    0   0M
       6        0       0       0      21      2      0      0       0    0   0M
      11        0       0       0      36      3      0      0       0    0   0M
       7        0       0       0      27      1      0      0       0    0   0M
      14        0       0       0      26      1      0      0       0    0   0M
      10        0       0       0      22      0      0      0       0    0   0M
      10        0       0       0      24      1      0      0       0    0   0M
      12        0       0       0      53      6      0      0       0    0   0M
       9        0       0       0      26      1      0      0       0    0   0M
      12        0       0       0      24      1      0      0       0    0   0M
       4        0       0       0      26      3      0      0       0    0   0M
       5        0       0       0       9      0      0      0       0    0   0M
      11        0       0       0      14      0      0      0       0    0   0M
      11        0       0       0      31      2      0      0       0    0   0M
      12        0       0       0      46      5      0      0       0    0   0M
       9        0       0       0      26      2      0      0       0    0   0M
      14        0       0       0      26      1      0      0       0    0   0M
       8        0       0       0      28      1      0      0       0    0   0M
      17        0       0       0      38      4      0      0       0    0   0M
      13        0       0       0      23      1      0      0       0    0   0M
      10        0       0       0      24      1      0      0       0    0   0M
       8        0       0       0      21      0      0      0       0    0   0M
       7        0       0       0      16      1      0      0       0    0   0M
       9        0       0       0      27      2      0      0       0    0   0M
      12        0       0       0      33      2      0      0       0    0   0M
       9        0       0       0      15      0      0      0       0    0   0M
       7        0       0       0      16      0      0      0       0    0   0M
      16        0       0       0      27      1      0      0       0    0   0M
      11        0       0       0      37      4      0      0       0    0   0M
      10        0       0       0      20      0      0      0       0    0   0M
      11        0       0       0      35      3      0      0       0    0   0M
      12        0       0       0      37      2      0      0       0    0   0M
      12        0       0       0      25      0      0      0       0    0   0M
      14        0       0       0      35      1      0      0       0    0   0M
       7        0       0       0      31      4      0      0       0    0   0M
      10        0       0       0      47      5      0      0       0    0   0M
      14        0       0       0      36      2      0      0       0    0   0M
      14        0       0       0      33      1      0      0       0    0   0M
      12        0       0       0      27      1      0      0       0    0   0M
      11        0       0       0      22      0      0      0       0    0   0M
      11        0       0       0      40      4      0      0       0    0   0M
      10        0       0       0      14      0      0      0       0    0   0M
      12        0       0       0      36      1      0      0       0    0   0M
      14        0       0       0      51      3      0      0       0    0   0M
      11        0       0       0      37      3      0      0       0    0   0M
      11        0       0       0      31      3      0      0       0    0   0M
      10        0       0       0      25      2      0      0       0    0   0M
      15        0       0       0      33      3      0      0       0    0   0M
      11        0       0       0      34      2      0      0       0    0   0M
       9        0       0       0      18      1      0      0       0    0   0M
       7        0       0       0      21      0      0      0       0    0   0M
       8        0       0       0      24      2      0      0       0    0   0M
      13        0       0       0      31      2      0      0       0    0   0M
      14        0       0       0      31      1      0      0       0    0   0M
      14        0       0       0      48      3      0      0       0    0   0M
      13        0       0       0      40      3      0      0       0    0   0M
      12        0       0       0      40      3      0      0       0    0   0M
      10        0       0       0      25      1      0      0       0    0   0M
      10        0       0       0      14      0      0      0       0    0   0M
      12        0       0       0      35      2      0      0       0    0   0M
       7        0       0       0      11      0      0      0       0    0   0M
      15        0       0       0      37      3      0      0       0    0   0M
      12        0       0       0      42      1      0      0       0    0   0M
      12        0       0       0      23      2      0      0       0    0   0M
      10        0       0       0      42      2      0      0       0    0   0M
      13        0       0       0      32      3      0      0       0    0   0M
      14        0       0       0      44      3      0      0       0    0   0M
      10        0       0       0      25      2      0      0       0    0   0M
      13        0       0       0      20      2      0      0       0    0   0M
      11        0       0       0      16      1      0      0       0    0   0M
      13        0       0       0      41      4      0      0       0    0   0M
      10        0       0       0      25      0      0      0       0    0   0M
      13        0       0       0      43      2      0      0       0    0   0M
      12        0       0       0      35      2      0      0       0    0   0M
       8        0       0       0      33      3      0      0       0    0   0M
       9        0       0       0      25      1      0      0       0    0   0M
      14        0       0       0      32      2      0      0       0    0   0M
