       0        0       0       0       0      0      0      0       0    0   0M
       3        4       0       0       0      0      0      0       0    0   0M
       0        0       0       0       0      0      0      0       0    0   0M
       0        0       0       0       0      0      0      0       0    0   0M
       7        0       0       0      27      3      0      0       0    0   0M
      11        0       0       0      44      4      0      0       0    0   0M
      12        0       0       0      55      6      0      0       0    0   0M
      14        0       0       0      47      4      0      0       0    0   0M
      10        0       0       0      58      7      0      0       0    0   0M
      13        0       0       0      55      7      0      0       0    0   0M
      18        0       0       0      53      6      0      0       0    0   0M
      11        0       0       0      51      3      0      0       0    0   0M
       8        0       0       0      55      6      0      0       0    0   0M
      10        0       0       0      47      6      0      0       0    0   0M
      10        0       0       0      53      5      0      0       0    0   0M
      11        0       0       0      55      7      0      0       0    0   0M
      11        0       0       0      55      6      0      0       0    0   0M
       8        0       0       0      37      4      0      0       0    0   0M
      11        0       0       0      42      4      0      0       0    0   0M
      14        0       0       0      53      5      0      0       0    0   0M
       6        0       0       0      25      1      0      0       0    0   0M
      11        0       0       0      29      3      0      0       0    0   0M
      15        0       0       0      55      5      0      0       0    0   0M
      11        0       0       0      50      4      0      0       0    0   0M
      11        0       0       0      51      6      0      0       0    0   0M
      14        0       0       0      54      5      0      0       0    0   0M
      11        0       0       0      58      6      0      0       0    0   0M
       8        0       0       0      51      5      0      0       0    0   0M
      10        0       0       0      26      2      0      0       0    0   0M
      10        0       0       0      48      5      0      0       0    0   0M
      11        0       0       0      44      4      0      0       0    0   0M
       8        0       0       0      33      4      0      0       0    0   0M
      14        0       0       0      46      6      0      0       0    0   0M
      12        0       0       0      36      2      0      0       0    0   0M
       8        0       0       0      29      2      0      0       0    0   0M
      15        0       0       0      53      4      0      0       0    0   0M
      11        0       0       0      55      7      0      0       0    0   0M
       9        0       0       0      44      4      0      0       0    0   0M
      13        0       0       0      52      5      0      0       0    0   0M
       9        0       0       0      44      5      0      0       0    0   0M
      11        0       0       0      20      2      0      0       0    0   0M
      15        0       0       0      50      4      0      0       0    0   0M
      10        0       0       0      55      6      0      0       0    0   0M
      12        0       0       0      43      4      0      0       0    0   0M
      12        0       0       0      54      6      0      0       0    0   0M
      11        0       0       0      47      4      0      0       0    0   0M
       9        0       0       0      38      4      0      0       0    0   0M
      14        0       0       0      55      3      0      0       0    0   0M
      11        0       0       0      40      6      0      0       0    0   0M
      12        0       0       0      54      5      0      0       0    0   0M
      10        0       0       0      51      6      0      0       0    0   0M
      11        0       0       0      56      5      0      0       0    0   0M
      10        0       0       0      37      4      0      0       0    0   0M
      12        0       0       0      55      7      0      0       0    0   0M
       6        0       0       0      49      6      0      0       0    0   0M
      13        0       0       0      40      5      0      0       0    0   0M
      14        0       0       0      53      6      0      0       0    0   0M
      10        0       0       0      55      6      0      0       0    0   0M
      18        0       0       0      51      5      0      0       0    0   0M
      11        0       0       0      55      5      0      0       0    0   0M
       8        0       0       0      28      2      0      0       0    0   0M
      14        0       0       0      54      5      0      0       0    0   0M
       9        0       0       0      47      5      0      0       0    0   0M
      10        0       0       0      49      6      0      0       0    0   0M
      11        0       0       0      38      3      0      0       0    0   0M
      11        0       0       0      50      7      0      0       0    0   0M
      11        0       0       0      55      4      0      0       0    0   0M
       8        0       0       0      40      6      0      0       0    0   0M
       9        0       0       0      42      4      0      0       0    0   0M
      11        0       0       0      35      2      0      0       0    0   0M
       8        0       0       0      29      3      0      0       0    0   0M
      13        0       0       0      50      5      0      0       0    0   0M
      17        0       0       0      52      4      0      0       0    0   0M
      14        0       0       0      53      4      0      0       0    0   0M
      15        0       0       0      50      6      0      0       0    0   0M
      11        0       0       0      39      2      0      0       0    0   0M
      12        0       0       0      36      4      0      0       0    0   0M
      11        0       0       0      52      6      0      0       0    0   0M
       8        0       0       0      32      3      0      0       0    0   0M
      14        0       0       0      47      5      0      0       0    0   0M
      10        0       0       0      37      3      0      0       0    0   0M
      10        0       0       0      39      4      0      0       0    0   0M
       8        0       0       0      44      5      0      0       0    0   0M
       9        0       0       0      50      6      0      0       0    0   0M
       7        0       0       0      33      3      0      0       0    0   0M
       8        0       0       0      36      4      0      0       0    0   0M
      11        0       0       0      46      3      0      0       0    0   0M
       9        0       0       0      35      4      0      0       0    0   0M
       7        0       0       0      44      6      0      0       0    0   0M
       7        0       0       0      16      1      0      0       0    0   0M
       9        0       0       0      39      4      0      0       0    0   0M
      19        0       0       0      50      4      0      0       0    0   0M
      19        0       0       0      49      4      0      0       0    0   0M
       9        0       0       0      55      6      0      0       0    0   0M
      10        0       0       0      46      5      0      0       0    0   0M
      14        0       0       0      53      5      0      0       0    0   0M
      11        0       0       0      52      5      0      0       0    0   0M
      18        0       0       0      42      3      0      0       0    0   0M
      11        0       0       0      54      6      0      0       0    0   0M
       8        0       0       0      32      3      0      0       0    0   0M
       7        0       0       0      47      6      0      0       0    0   0M
      12        0       0       0      49      6      0      0       0    0   0M
       9        0       0       0      27      2      0      0       0    0   0M
