       0        0       0       0       0      0      0      0       0    0   0M
       2        2       0       0       0      0      0      0       0    0   0M
       2        1       0       0       0      0      0      0       0    0   0M
       0        0       0       0       0      0      0      0       0    0   0M
       0       22       0       0       0      0      0      0       0    0   0M
       0       44       0       0       0      0      0      0       0    0   0M
       0       44       0       0       0      0      0      0       0    0   0M
       0       43       0       0       0      0      0      0       0    0   0M
       0       49       0       0       0      0      0      0       0    0   0M
       0       46       0       0       0      0      0      0       0    0   0M
       0       47       0       0       0      0      0      0       0    0   0M
       0       44       0       0       0      0      0      0       0    0   0M
       0       50       0       0       0      0      0      0       0    0   0M
       0       45       0       0       0      0      0      0       0    0   0M
       0       47       0       0       0      0      0      0       0    0   0M
       0       47       0       0       0      0      0      0       0    0   0M
       0       47       0       0       0      0      0      0       0    0   0M
       0       42       0       0       0      0      0      0       0    0   0M
       0       50       0       0       0      0      0      0       0    0   0M
       0       42       0       0       0      0      0      0       0    0   0M
       0       41       0       0       0      0      0      0       0    0   0M
       0       39       0       0       0      0      0      0       0    0   0M
       0       43       0       0       0      0      0      0       0    0   0M
       0       45       0       0       0      0      0      0       0    0   0M
       0       48       0       0       0      0      0      0       0    0   0M
       0       46       0       0       0      0      0      0       0    0   0M
       0       45       0       0       0      0      0      0       0    0   0M
       0       44       0       0       0      0      0      0       0    0   0M
       0       47       0       0       0      0      0      0       0    0   0M
       0       43       0       0       0      0      0      0       0    0   0M
       0       46       0       0       0      0      0      0       0    0   0M
       0       41       0       0       0      0      0      0       0    0   0M
       0       39       0       0       0      0      0      0       0    0   0M
       0       37       0       0       0      0      0      0       0    0   0M
       0       43       0       0       0      0      0      0       0    0   0M
       0       47       0       0       0      0      0      0       0    0   0M
       0       46       0       0       0      0      0      0       0    0   0M
       0       42       0       0       0      0      0      0       0    0   0M
       0       46       0       0       0      0      0      0       0    0   0M
       0       45       0       0       0      0      0      0       0    0   0M
       0       35       0       0       0      0      0      0       0    0   0M
       0       48       0       0       0      0      0      0       0    0   0M
       0       45       0       0       0      0      0      0       0    0   0M
       0       45       0       0       0      0      0      0       0    0   0M
       0       43       0       0       0      0      0      0       0    0   0M
       0       39       0       0       0      0      0      0       0    0   0M
       0       45       0       0       0      0      0      0       0    0   0M
       0       41       0       0       0      0      0      0       0    0   0M
       0       49       0       0       0      0      0      0       0    0   0M
       0       48       0       0       0      0      0      0       0    0   0M
       0       44       0       0       0      0      0      0       0    0   0M
       0       45       0       0       0      0      0      0       0    0   0M
       0       43       0       0       0      0      0      0       0    0   0M
       0       50       0       0       0      0      0      0       0    0   0M
       0       50       0       0       0      0      0      0       0    0   0M
       0       45       0       0       0      0      0      0       0    0   0M
       0       52       0       0       0      0      0      0       0    0   0M
       0       52       0       0       0      0      0      0       0    0   0M
       0       52       0       0       0      0      0      0       0    0   0M
       0       45       0       0       0      0      0      0       0    0   0M
       0       42       0       0       0      0      0      0       0    0   0M
       0       43       0       0       0      0      0      0       0    0   0M
       0       48       0       0       0      0      0      0       0    0   0M
       0       47       0       0       0      0      0      0       0    0   0M
       0       43       0       0       0      0      0      0       0    0   0M
       0       47       0       0       0      0      0      0       0    0   0M
       0       48       0       0       0      0      0      0       0    0   0M
       0       47       0       0       0      0      0      0       0    0   0M
       0       45       0       0       0      0      0      0       0    0   0M
       0       43       0       0       0      0      0      0       0    0   0M
       0       44       0       0       0      0      0      0       0    0   0M
       0       47       0       0       0      0      0      0       0    0   0M
       0       48       0       0       0      0      0      0       0    0   0M
       0       47       0       0       0      0      0      0       0    0   0M
       0       44       0       0       0      0      0      0       0    0   0M
       0       44       0       0       0      0      0      0       0    0   0M
       0       46       0       0       0      0      0      0       0    0   0M
       0       46       0       0       0      0      0      0       0    0   0M
       0       44       0       0       0      0      0      0       0    0   0M
       0       44       0       0       0      0      0      0       0    0   0M
       0       42       0       0       0      0      0      0       0    0   0M
       0       44       0       0       0      0      0      0       0    0   0M
       0       49       0       0       0      0      0      0       0    0   0M
       0       49       0       0       0      0      0      0       0    0   0M
       0       46       0       0       0      0      0      0       0    0   0M
       0       50       0       0       0      0      0      0       0    0   0M
       0       44       0       0       0      0      0      0       0    0   0M
       0       44       0       0       0      0      0      0       0    0   0M
       0       53       0       0       0      0      0      0       0    0   0M
       0       39       0       0       0      0      0      0       0    0   0M
       0       49       0       0       0      0      0      0       0    0   0M
       0       39       0       0       0      0      0      0       0    0   0M
       0       43       0       0       0      0      0      0       0    0   0M
       0       49       0       0       0      0      0      0       0    0   0M
       0       48       0       0       0      0      0      0       0    0   0M
       0       48       0       0       0      0      0      0       0    0   0M
       0       42       0       0       0      0      0      0       0    0   0M
       0       42       0       0       0      0      0      0       0    0   0M
       0       47       0       0       0      0      0      0       0    0   0M
       0       44       0       0       0      0      0      0       0    0   0M
       0       46       0       0       0      0      0      0       0    0   0M
       0       44       0       0       0      0      0      0       0    0   0M
       0       40       0       0       0      0      0      0       0    0   0M
