       0        0       0       0       0      0      0      0       0    0   0M
       2        2       0       0       0      0      1      0       0    0   0M
       1        2       0       0       0      0      0      0       0    0   0M
       0        0       0       0       0      0      0      0       0    0   0M
      23        0       0       0       0      0      0      0       0    0   0M
      43        0       0       0       0      0      0      0       0    0   0M
      44        0       0       0       0      0      0      0       0    0   0M
      43        0       0       0       0      0      0      0       0    0   0M
      50        0       0       0       0      0      0      0       0    0   0M
      46        0       0       0       0      0      0      0       0    0   0M
      46        0       0       0       0      0      0      0       0    0   0M
      45        0       0       0       0      0      0      0       0    0   0M
      49        0       0       0       0      0      0      0       0    0   0M
      46        0       0       0       0      0      0      0       0    0   0M
      47        0       0       0       0      0      0      0       0    0   0M
      47        0       0       0       0      0      0      0       0    0   0M
      46        0       0       0       0      0      0      0       0    0   0M
      43        0       0       0       0      0      0      0       0    0   0M
      50        0       0       0       0      0      0      0       0    0   0M
      42        0       0       0       0      0      0      0       0    0   0M
      41        0       0       0       0      0      0      0       0    0   0M
      38        0       0       0       0      0      0      0       0    0   0M
      43        0       0       0       0      0      0      0       0    0   0M
      46        0       0       0       0      0      0      0       0    0   0M
      47        0       0       0       0      0      0      0       0    0   0M
      46        0       0       0       0      0      0      0       0    0   0M
      46        0       0       0       0      0      0      0       0    0   0M
      44        0       0       0       0      0      0      0       0    0   0M
      46        0       0       0       0      0      0      0       0    0   0M
      44        0       0       0       0      0      0      0       0    0   0M
      45        0       0       0       0      0      0      0       0    0   0M
      41        0       0       0       0      0      0      0       0    0   0M
      40        0       0       0       0      0      0      0       0    0   0M
      36        0       0       0       0      0      0      0       0    0   0M
      44        0       0       0       0      0      0      0       0    0   0M
      47        0       0       0       0      0      0      0       0    0   0M
      45        0       0       0       0      0      0      0       0    0   0M
      43        0       0       0       0      0      0      0       0    0   0M
      46        0       0       0       0      0      0      0       0    0   0M
      45        0       0       0       0      0      0      0       0    0   0M
      35        0       0       0       0      0      0      0       0    0   0M
      47        0       0       0       0      0      0      0       0    0   0M
      45        0       0       0       0      0      0      0       0    0   0M
      46        0       0       0       0      0      0      0       0    0   0M
      42        0       0       0       0      0      0      0       0    0   0M
      40        0       0       0       0      0      0      0       0    0   0M
      45        0       0       0       0      0      0      0       0    0   0M
      41        0       0       0       0      0      0      0       0    0   0M
      49        0       0       0       0      0      0      0       0    0   0M
      48        0       0       0       0      0      0      0       0    0   0M
      43        0       0       0       0      0      0      0       0    0   0M
      46        0       0       0       0      0      0      0       0    0   0M
      42        0       0       0       0      0      0      0       0    0   0M
      51        0       0       0       0      0      0      0       0    0   0M
      49        0       0       0       0      0      0      0       0    0   0M
      46        0       0       0       0      0      0      0       0    0   0M
      52        0       0       0       0      0      0      0       0    0   0M
      52        0       0       0       0      0      0      0       0    0   0M
      52        0       0       0       0      0      0      0       0    0   0M
      45        0       0       0       0      0      0      0       0    0   0M
      42        0       0       0       0      0      0      0       0    0   0M
      43        0       0       0       0      0      0      0       0    0   0M
      47        0       0       0       0      0      0      0       0    0   0M
      47        0       0       0       0      0      0      0       0    0   0M
      44        0       0       0       0      0      0      0       0    0   0M
      46        0       0       0       0      0      0      0       0    0   0M
      49        0       0       0       0      0      0      0       0    0   0M
      47        0       0       0       0      0      0      0       0    0   0M
      45        0       0       0       0      0      0      0       0    0   0M
      42        0       0       0       0      0      0      0       0    0   0M
      45        0       0       0       0      0      0      0       0    0   0M
      47        0       0       0       0      0      0      0       0    0   0M
      48        0       0       0       0      0      0      0       0    0   0M
      47        0       0       0       0      0      0      0       0    0   0M
      43        0       0       0       0      0      0      0       0    0   0M
      45        0       0       0       0      0      0      0       0    0   0M
      45        0       0       0       0      0      0      0       0    0   0M
      47        0       0       0       0      0      0      0       0    0   0M
      44        0       0       0       0      0      0      0       0    0   0M
      44        0       0       0       0      0      0      0       0    0   0M
      41        0       0       0       0      0      0      0       0    0   0M
      45        0       0       0       0      0      0      0       0    0   0M
      48        0       0       0       0      0      0      0       0    0   0M
      50        0       0       0       0      0      0      0       0    0   0M
      46        0       0       0       0      0      0      0       0    0   0M
      49        0       0       0       0      0      0      0       0    0   0M
      45        0       0       0       0      0      0      0       0    0   0M
      44        0       0       0       0      0      0      0       0    0   0M
      52        0       0       0       0      0      0      0       0    0   0M
      40        0       0       0       0      0      0      0       0    0   0M
      48        0       0       0       0      0      0      0       0    0   0M
      40        0       0       0       0      0      0      0       0    0   0M
      43        0       0       0       0      0      0      0       0    0   0M
      48        0       0       0       0      0      0      0       0    0   0M
      48        0       0       0       0      0      0      0       0    0   0M
      49        0       0       0       0      0      0      0       0    0   0M
      41        0       0       0       0      0      0      0       0    0   0M
      43        0       0       0       0      0      0      0       0    0   0M
      47        0       0       0       0      0      0      0       0    0   0M
      44        0       0       0       0      0      0      0       0    0   0M
      45        0       0       0       0      0      0      0       0    0   0M
      45        0       0       0       0      0      0      0       0    0   0M
      40        0       0       0       0      0      0      0       0    0   0M
