       0        0       0       0       0      0      0      0       0    0   0M
       3        3       0       0       0      0      0      0       0    0   0M
       0        1       0       0       0      0      0      0       0    0   0M
       0        0       0       0       0      0      0      0       0    0   0M
      29        0       0       0       0      0      0      0       0    0   0M
      61        0       0       0       0      0      0      0       0    0   0M
      61        0       0       0       0      0      0      0       0    0   0M
      58        0       0       0       0      0      0      0       0    0   0M
      57        0       0       0       0      0      0      0       0    0   0M
      59        0       0       0       0      0      0      0       0    0   0M
      61        0       0       0       0      0      0      0       0    0   0M
      58        0       0       0       0      0      0      0       0    0   0M
      61        0       0       0       0      0      0      0       0    0   0M
      59        0       0       0       0      0      0      0       0    0   0M
      64        0       0       0       0      0      0      0       0    0   0M
      62        0       0       0       0      0      0      0       0    0   0M
      59        0       0       0       0      0      0      0       0    0   0M
      58        0       0       0       0      0      0      0       0    0   0M
      61        0       0       0       0      0      0      0       0    0   0M
      65        0       0       0       0      0      0      0       0    0   0M
      60        0       0       0       0      0      0      0       0    0   0M
      63        0       0       0       0      0      0      0       0    0   0M
      56        0       0       0       0      0      0      0       0    0   0M
      57        0       0       0       0      0      0      0       0    0   0M
      61        0       0       0       0      0      0      0       0    0   0M
      62        0       0       0       0      0      0      0       0    0   0M
      61        0       0       0       0      0      0      0       0    0   0M
      62        0       0       0       0      0      0      0       0    0   0M
      62        0       0       0       0      0      0      0       0    0   0M
      63        0       0       0       0      0      0      0       0    0   0M
      63        0       0       0       0      0      0      0       0    0   0M
      59        0       0       0       0      0      0      0       0    0   0M
      66        0       0       0       0      0      0      0       0    0   0M
      60        0       0       0       0      0      0      0       0    0   0M
      62        0       0       0       0      0      0      0       0    0   0M
      61        0       0       0       0      0      0      0       0    0   0M
      63        0       0       0       0      0      0      0       0    0   0M
      57        0       0       0       0      0      0      0       0    0   0M
      61        0       0       0       0      0      0      0       0    0   0M
      59        0       0       0       0      0      0      0       0    0   0M
      58        0       0       0       0      0      0      0       0    0   0M
      62        0       0       0       0      0      0      0       0    0   0M
      61        0       0       0       0      0      0      0       0    0   0M
      64        0       0       0       0      0      0      0       0    0   0M
      60        0       0       0       0      0      0      0       0    0   0M
      62        0       0       0       0      0      0      0       0    0   0M
      61        0       0       0       0      0      0      0       0    0   0M
      59        0       0       0       0      0      0      0       0    0   0M
      59        0       0       0       0      0      0      0       0    0   0M
      61        0       0       0       0      0      0      0       0    0   0M
      65        0       0       0       0      0      0      0       0    0   0M
      62        0       0       0       0      0      0      0       0    0   0M
      61        0       0       0       0      0      0      0       0    0   0M
      62        0       0       0       0      0      0      0       0    0   0M
      58        0       0       0       0      0      0      0       0    0   0M
      63        0       0       0       0      0      0      0       0    0   0M
      57        0       0       0       0      0      0      0       0    0   0M
      60        0       0       0       0      0      0      0       0    0   0M
      57        0       0       0       0      0      0      0       0    0   0M
      63        0       0       0       0      0      0      0       0    0   0M
      62        0       0       0       0      0      0      0       0    0   0M
      63        0       0       0       0      0      0      0       0    0   0M
      61        0       0       0       0      0      0      0       0    0   0M
      59        0       0       0       0      0      0      0       0    0   0M
      64        0       0       0       0      0      0      0       0    0   0M
      58        0       0       0       0      0      0      0       0    0   0M
      59        0       0       0       0      0      0      0       0    0   0M
      63        0       0       0       0      0      0      0       0    0   0M
      59        0       0       0       0      0      0      0       0    0   0M
      58        0       0       0       0      0      0      0       0    0   0M
      58        0       0       0       0      0      0      0       0    0   0M
      62        0       0       0       0      0      0      0       0    0   0M
      59        0       0       0       0      0      0      0       0    0   0M
      59        0       0       0       0      0      0      0       0    0   0M
      63        0       0       0       0      0      0      0       0    0   0M
      58        0       0       0       0      0      0      0       0    0   0M
      60        0       0       0       0      0      0      0       0    0   0M
      61        0       0       0       0      0      0      0       0    0   0M
      62        0       0       0       0      0      0      0       0    0   0M
      57        0       0       0       0      0      0      0       0    0   0M
      59        0       0       0       0      0      0      0       0    0   0M
      61        0       0       0       0      0      0      0       0    0   0M
      62        0       0       0       0      0      0      0       0    0   0M
      59        0       0       0       0      0      0      0       0    0   0M
      61        0       0       0       0      0      0      0       0    0   0M
      62        0       0       0       0      0      0      0       0    0   0M
      61        0       0       0       0      0      0      0       0    0   0M
      58        0       0       0       0      0      0      0       0    0   0M
      59        0       0       0       0      0      0      0       0    0   0M
      60        0       0       0       0      0      0      0       0    0   0M
      61        0       0       0       0      0      0      0       0    0   0M
      60        0       0       0       0      0      0      0       0    0   0M
      59        0       0       0       0      0      0      0       0    0   0M
      65        0       0       0       0      0      0      0       0    0   0M
      64        0       0       0       0      0      0      0       0    0   0M
      60        0       0       0       0      0      0      0       0    0   0M
      60        0       0       0       0      0      0      0       0    0   0M
      59        0       0       0       0      0      0      0       0    0   0M
      62        0       0       0       0      0      0      0       0    0   0M
      61        0       0       0       0      0      0      0       0    0   0M
      62        0       0       0       0      0      0      0       0    0   0M
      59        0       0       0       0      0      0      0       0    0   0M
      61        0       0       0       0      0      0      0       0    0   0M
