       0        0       0       0       0      0      0      0       0    0   0M
       3        3       0       0       0      0      0      0       0    0   0M
       0        0       0       0       0      0      0      0       0    0   0M
       0        0       0       0       0      0      0      0       0    0   0M
       0       28       0       0       0      0      0      0       0    0   0M
       0       61       0       0       0      0      0      0       0    0   0M
       0       61       0       0       0      0      0      0       0    0   0M
       0       58       0       0       0      0      0      0       0    0   0M
       0       57       0       0       0      0      0      0       0    0   0M
       0       60       0       0       0      0      0      0       0    0   0M
       0       60       0       0       0      0      0      0       0    0   0M
       0       58       0       0       0      0      0      0       0    0   0M
       0       61       0       0       0      0      0      0       0    0   0M
       0       59       0       0       0      0      0      0       0    0   0M
       0       65       0       0       0      0      0      0       0    0   0M
       0       61       0       0       0      0      0      0       0    0   0M
       0       60       0       0       0      0      0      0       0    0   0M
       0       58       0       0       0      0      0      0       0    0   0M
       0       61       0       0       0      0      0      0       0    0   0M
       0       63       0       0       0      0      0      0       0    0   0M
       0       61       0       0       0      0      0      0       0    0   0M
       0       63       0       0       0      0      0      0       0    0   0M
       0       56       0       0       0      0      0      0       0    0   0M
       0       58       0       0       0      0      0      0       0    0   0M
       0       60       0       0       0      0      0      0       0    0   0M
       0       62       0       0       0      0      0      0       0    0   0M
       0       62       0       0       0      0      0      0       0    0   0M
       0       61       0       0       0      0      0      0       0    0   0M
       0       62       0       0       0      0      0      0       0    0   0M
       0       63       0       0       0      0      0      0       0    0   0M
       0       63       0       0       0      0      0      0       0    0   0M
       0       60       0       0       0      0      0      0       0    0   0M
       0       65       0       0       0      0      0      0       0    0   0M
       0       60       0       0       0      0      0      0       0    0   0M
       0       62       0       0       0      0      0      0       0    0   0M
       0       61       0       0       0      0      0      0       0    0   0M
       0       63       0       0       0      0      0      0       0    0   0M
       0       57       0       0       0      0      0      0       0    0   0M
       0       61       0       0       0      0      0      0       0    0   0M
       0       59       0       0       0      0      0      0       0    0   0M
       0       59       0       0       0      0      0      0       0    0   0M
       0       61       0       0       0      0      0      0       0    0   0M
       0       62       0       0       0      0      0      0       0    0   0M
       0       63       0       0       0      0      0      0       0    0   0M
       0       60       0       0       0      0      0      0       0    0   0M
       0       62       0       0       0      0      0      0       0    0   0M
       0       61       0       0       0      0      0      0       0    0   0M
       0       60       0       0       0      0      0      0       0    0   0M
       0       59       0       0       0      0      0      0       0    0   0M
       0       61       0       0       0      0      0      0       0    0   0M
       0       64       0       0       0      0      0      0       0    0   0M
       0       62       0       0       0      0      0      0       0    0   0M
       0       61       0       0       0      0      0      0       0    0   0M
       0       62       0       0       0      0      0      0       0    0   0M
       0       59       0       0       0      0      0      0       0    0   0M
       0       62       0       0       0      0      0      0       0    0   0M
       0       58       0       0       0      0      0      0       0    0   0M
       0       60       0       0       0      0      0      0       0    0   0M
       0       57       0       0       0      0      0      0       0    0   0M
       0       62       0       0       0      0      0      0       0    0   0M
       0       62       0       0       0      0      0      0       0    0   0M
       0       63       0       0       0      0      0      0       0    0   0M
       0       61       0       0       0      0      0      0       0    0   0M
       0       59       0       0       0      0      0      0       0    0   0M
       0       64       0       0       0      0      0      0       0    0   0M
       0       59       0       0       0      0      0      0       0    0   0M
       0       59       0       0       0      0      0      0       0    0   0M
       0       62       0       0       0      0      0      0       0    0   0M
       0       59       0       0       0      0      0      0       0    0   0M
       0       58       0       0       0      0      0      0       0    0   0M
       0       59       0       0       0      0      0      0       0    0   0M
       0       61       0       0       0      0      0      0       0    0   0M
       0       60       0       0       0      0      0      0       0    0   0M
       0       58       0       0       0      0      0      0       0    0   0M
       0       63       0       0       0      0      0      0       0    0   0M
       0       59       0       0       0      0      0      0       0    0   0M
       0       59       0       0       0      0      0      0       0    0   0M
       0       61       0       0       0      0      0      0       0    0   0M
       0       62       0       0       0      0      0      0       0    0   0M
       0       58       0       0       0      0      0      0       0    0   0M
       0       58       0       0       0      0      0      0       0    0   0M
       0       61       0       0       0      0      0      0       0    0   0M
       0       62       0       0       0      0      0      0       0    0   0M
       0       59       0       0       0      0      0      0       0    0   0M
       0       62       0       0       0      0      0      0       0    0   0M
       0       61       0       0       0      0      0      0       0    0   0M
       0       61       0       0       0      0      0      0       0    0   0M
       0       58       0       0       0      0      0      0       0    0   0M
       0       59       0       0       0      0      0      0       0    0   0M
       0       60       0       0       0      0      0      0       0    0   0M
       0       61       0       0       0      0      0      0       0    0   0M
       0       61       0       0       0      0      0      0       0    0   0M
       0       58       0       0       0      0      0      0       0    0   0M
       0       65       0       0       0      0      0      0       0    0   0M
       0       64       0       0       0      0      0      0       0    0   0M
       0       60       0       0       0      0      0      0       0    0   0M
       0       60       0       0       0      0      0      0       0    0   0M
       0       59       0       0       0      0      0      0       0    0   0M
       0       62       0       0       0      0      0      0       0    0   0M
       0       61       0       0       0      0      0      0       0    0   0M
       0       62       0       0       0      0      0      0       0    0   0M
       0       59       0       0       0      0      0      0       0    0   0M
       0       61       0       0       0      0      0      0       0    0   0M
