       0        0       0       0       0      0      0      0       0    0   0M
       3        4       0       0       0      0      0      0       0    0   0M
       0        0       0       0       0      0      0      0       0    0   0M
       0        0       0       0       0      0      0      0       0    0   0M
      40        0       0       0       0      0      0      0       0    0   0M
      79        0       0       0       0      0      0      0       0    0   0M
      80        0       0       0       0      0      0      0       0    0   0M
      80        0       0       0       0      0      0      0       0    0   0M
      81        0       0       0       0      0      0      0       0    0   0M
      81        0       0       0       0      0      0      0       0    0   0M
      80        0       0       0       0      0      0      0       0    0   0M
      80        0       0       0       0      0      0      0       0    0   0M
      79        0       0       0       0      0      0      0       0    0   0M
      80        0       0       0       0      0      0      0       0    0   0M
      81        0       0       0       0      0      0      0       0    0   0M
      79        0       0       0       0      0      0      0       0    0   0M
      80        0       0       0       0      0      0      0       0    0   0M
      80        0       0       0       0      0      0      0       0    0   0M
      80        0       0       0       0      0      0      0       0    0   0M
      80        0       0       0       0      0      0      0       0    0   0M
      81        0       0       0       0      0      0      0       0    0   0M
      80        0       0       0       0      0      0      0       0    0   0M
      80        0       0       0       0      0      0      0       0    0   0M
      80        0       0       0       0      0      0      0       0    0   0M
      80        0       0       0       0      0      0      0       0    0   0M
      80        0       0       0       0      0      0      0       0    0   0M
      80        0       0       0       0      0      0      0       0    0   0M
      79        0       0       0       0      0      0      0       0    0   0M
      80        0       0       0       0      0      0      0       0    0   0M
      80        0       0       0       0      0      0      0       0    0   0M
      80        0       0       0       0      0      0      0       0    0   0M
      80        0       0       0       0      0      0      0       0    0   0M
      81        0       0       0       0      0      0      0       0    0   0M
      80        0       0       0       0      0      0      0       0    0   0M
      80        0       0       0       0      0      0      0       0    0   0M
      80        0       0       0       0      0      0      0       0    0   0M
      80        0       0       0       0      0      0      0       0    0   0M
      79        0       0       0       0      0      0      0       0    0   0M
      80        0       0       0       0      0      0      0       0    0   0M
      81        0       0       0       0      0      0      0       0    0   0M
      80        0       0       0       0      0      0      0       0    0   0M
      80        0       0       0       0      0      0      0       0    0   0M
      80        0       0       0       0      0      0      0       0    0   0M
      80        0       0       0       0      0      0      0       0    0   0M
      79        0       0       0       0      0      0      0       0    0   0M
      80        0       0       0       0      0      0      0       0    0   0M
      80        0       0       0       0      0      0      0       0    0   0M
      81        0       0       0       0      0      0      0       0    0   0M
      79        0       0       0       0      0      0      0       0    0   0M
      80        0       0       0       0      0      0      0       0    0   0M
      80        0       0       0       0      0      0      0       0    0   0M
      80        0       0       0       0      0      0      0       0    0   0M
      79        0       0       0       0      0      0      0       0    0   0M
      80        0       0       0       0      0      0      0       0    0   0M
      80        0       0       0       0      0      0      0       0    0   0M
      80        0       0       0       0      0      0      0       0    0   0M
      80        0       0       0       0      0      0      0       0    0   0M
      80        0       0       0       0      0      0      0       0    0   0M
      80        0       0       0       0      0      0      0       0    0   0M
      81        0       0       0       0      0      0      0       0    0   0M
      79        0       0       0       0      0      0      0       0    0   0M
      80        0       0       0       0      0      0      0       0    0   0M
      80        0       0       0       0      0      0      0       0    0   0M
      81        0       0       0       0      0      0      0       0    0   0M
      79        0       0       0       0      0      0      0       0    0   0M
      80        0       0       0       0      0      0      0       0    0   0M
      80        0       0       0       0      0      0      0       0    0   0M
      80        0       0       0       0      0      0      0       0    0   0M
      80        0       0       0       0      0      0      0       0    0   0M
      80        0       0       0       0      0      0      0       0    0   0M
      79        0       0       0       0      0      0      0       0    0   0M
      80        0       0       0       0      0      0      0       0    0   0M
      80        0       0       0       0      0      0      0       0    0   0M
      81        0       0       0       0      0      0      0       0    0   0M
      80        0       0       0       0      0      0      0       0    0   0M
      80        0       0       0       0      0      0      0       0    0   0M
      80        0       0       0       0      0      0      0       0    0   0M
      79        0       0       0       0      0      0      0       0    0   0M
      81        0       0       0       0      0      0      0       0    0   0M
      80        0       0       0       0      0      0      0       0    0   0M
      80        0       0       0       0      0      0      0       0    0   0M
      80        0       0       0       0      0      0      0       0    0   0M
      79        0       0       0       0      0      0      0       0    0   0M
      80        0       0       0       0      0      0      0       0    0   0M
      81        0       0       0       0      0      0      0       0    0   0M
      80        0       0       0       0      0      0      0       0    0   0M
      80        0       0       0       0      0      0      0       0    0   0M
      80        0       0       0       0      0      0      0       0    0   0M
      80        0       0       0       0      0      0      0       0    0   0M
      80        0       0       0       0      0      0      0       0    0   0M
      80        0       0       0       0      0      0      0       0    0   0M
      80        0       0       0       0      0      0      0       0    0   0M
      79        0       0       0       0      0      0      0       0    0   0M
      80        0       0       0       0      0      0      0       0    0   0M
      81        0       0       0       0      0      0      0       0    0   0M
      79        0       0       0       0      0      0      0       0    0   0M
      80        0       0       0       0      0      0      0       0    0   0M
      80        0       0       0       0      0      0      0       0    0   0M
      81        0       0       0       0      0      0      0       0    0   0M
      80        0       0       0       0      0      0      0       0    0   0M
      80        0       0       0       0      0      0      0       0    0   0M
      81        0       0       0       0      0      0      0       0    0   0M
      79        0       0       0       0      0      0      0       0    0   0M
