       0        0       0       0       0      0      0      0       0    0   0M
       3        4       0       0       0      0      0      0       0    0   0M
       0        0       0       0       0      0      0      0       0    0   0M
       0        0       0       0       0      0      0      0       0    0   0M
       8        0       0       0      13      1      0      0       0    0   0M
      10        0       0       0       0      0      0      0       0    0   0M
       5        0       0       0       4      0      0      0       0    0   0M
      14        0       0       0      13      0      0      0       0    0   0M
      10        0       0       0       0      0      0      0       0    0   0M
      15        0       0       0      13      0      0      0       0    0   0M
       8        0       0       0      24      2      0      0       0    0   0M
       9        0       0       0      42      5      0      0       0    0   0M
      13        0       0       0      17      2      0      0       0    0   0M
      16        0       0       0      53      6      0      0       0    0   0M
       8        0       0       0      58      9      0      0       0    0   0M
      12        0       0       0      58      7      0      0       0    0   0M
      14        0       0       0      56      7      0      0       0    0   0M
      13        0       0       0      43      5      0      0       0    0   0M
      12        0       0       0      52      5      0      0       0    0   0M
      11        0       0       0      59      8      0      0       0    0   0M
      12        0       0       0      45      7      0      0       0    0   0M
      14        0       0       0      21      2      0      0       0    0   0M
       8        0       0       0      24      1      0      0       0    0   0M
      10        0       0       0      30      3      0      0       0    0   0M
      10        0       0       0       8      0      0      0       0    0   0M
      10        0       0       0      21      1      0      0       0    0   0M
      11        0       0       0      33      4      0      0       0    0   0M
      11        0       0       0      49      5      0      0       0    0   0M
       8        0       0       0      10      0      0      0       0    0   0M
       6        0       0       0       6      0      0      0       0    0   0M
      12        0       0       0      16      1      0      0       0    0   0M
      11        0       0       0      21      1      0      0       0    0   0M
       7        0       0       0      31      4      0      0       0    0   0M
      11        0       0       0      17      1      0      0       0    0   0M
      11        0       0       0       9      0      0      0       0    0   0M
      11        0       0       0      49      6      0      0       0    0   0M
       8        0       0       0      47      4      0      0       0    0   0M
       9        0       0       0       0      0      0      0       0    0   0M
       8        0       0       0       2      0      0      0       0    0   0M
      10        0       0       0      46      6      0      0       0    0   0M
      13        0       0       0      55      7      0      0       0    0   0M
      12        0       0       0      56      7      0      0       0    0   0M
       7        0       0       0      27      3      0      0       0    0   0M
      10        0       0       0      24      2      0      0       0    0   0M
      12        0       0       0      36      3      0      0       0    0   0M
      10        0       0       0      54      7      0      0       0    0   0M
      12        0       0       0      25      2      0      0       0    0   0M
      10        0       0       0      36      4      0      0       0    0   0M
      11        0       0       0      17      0      0      0       0    0   0M
       8        0       0       0      14      1      0      0       0    0   0M
      15        0       0       0      11      0      0      0       0    0   0M
       6        0       0       0       5      0      0      0       0    0   0M
      13        0       0       0      24      2      0      0       0    0   0M
      14        0       0       0      49      6      0      0       0    0   0M
      14        0       0       0      45      5      0      0       0    0   0M
      13        0       0       0      18      1      0      0       0    0   0M
      12        0       0       0      40      4      0      0       0    0   0M
       6        0       0       0      26      2      0      0       0    0   0M
      13        0       0       0      18      1      0      0       0    0   0M
      10        0       0       0       4      0      0      0       0    0   0M
      14        0       0       0      40      4      0      0       0    0   0M
      10        0       0       0      55      8      0      0       0    0   0M
      10        0       0       0      41      5      0      0       0    0   0M
      13        0       0       0      16      1      0      0       0    0   0M
      15        0       0       0      15      1      0      0       0    0   0M
      16        0       0       0      29      2      0      0       0    0   0M
       6        0       0       0      21      2      0      0       0    0   0M
       9        0       0       0      28      3      0      0       0    0   0M
      13        0       0       0      43      5      0      0       0    0   0M
      12        0       0       0      60      8      0      0       0    0   0M
      14        0       0       0      55      8      0      0       0    0   0M
       7        0       0       0      57      8      0      0       0    0   0M
      12        0       0       0      11      1      0      0       0    0   0M
      11        0       0       0      20      1      0      0       0    0   0M
       6        0       0       0      35      5      0      0       0    0   0M
      16        0       0       0      48      5      0      0       0    0   0M
      14        0       0       0      15      0      0      0       0    0   0M
       6        0       0       0       7      0      0      0       0    0   0M
      14        0       0       0      52      6      0      0       0    0   0M
      11        0       0       0      56      8      0      0       0    0   0M
      11        0       0       0      55      7      0      0       0    0   0M
      16        0       0       0      58      7      0      0       0    0   0M
       6        0       0       0      55      8      0      0       0    0   0M
      12        0       0       0      60      9      0      0       0    0   0M
      11        0       0       0      46      4      0      0       0    0   0M
      18        0       0       0      32      2      0      0       0    0   0M
      15        0       0       0      56      7      0      0       0    0   0M
      21        0       0       0      56      7      0      0       0    0   0M
      13        0       0       0      56      6      0      0       0    0   0M
      10        0       0       0      31      4      0      0       0    0   0M
      10        0       0       0      25      3      0      0       0    0   0M
      14        0       0       0      17      1      0      0       0    0   0M
       7        0       0       0      19      2      0      0       0    0   0M
      12        0       0       0      25      2      0      0       0    0   0M
       7        0       0       0      15      0      0      0       0    0   0M
      11        0       0       0       3      0      0      0       0    0   0M
       5        0       0       0      27      3      0      0       0    0   0M
      13        0       0       0      57      8      0      0       0    0   0M
      14        0       0       0      44      4      0      0       0    0   0M
      13        0       0       0      15      1      0      0       0    0   0M
       7        0       0       0      56      8      0      0       0    0   0M
      12        0       0       0      35      4      0      0       0    0   0M
      15        0       0       0      39      4      0      0       0    0   0M
