       0        0       0       0       0      0      0      0       0    0   0M
       1        1       0       0       0      0      0      0       0    0   0M
       3        3       0       0       0      0      0      0       0    0   0M
       0        0       0       0       0      0      0      0       0    0   0M
       4        0       0       0      23      3      0      0       0    0   0M
       9        0       0       0      51      7      0      0       0    0   0M
       8        0       0       0      50      6      0      0       0    0   0M
      11        0       0       0      49      7      0      0       0    0   0M
      14        0       0       0      59      7      0      0       0    0   0M
      14        0       0       0      52      7      0      0       0    0   0M
      17        0       0       0      54      6      0      0       0    0   0M
      13        0       0       0      55      7      0      0       0    0   0M
       8        0       0       0      54      7      0      0       0    0   0M
      10        0       0       0      58      8      0      0       0    0   0M
      12        0       0       0      60      8      0      0       0    0   0M
      11        0       0       0      56      8      0      0       0    0   0M
      10        0       0       0      57      7      0      0       0    0   0M
      11        0       0       0      56      7      0      0       0    0   0M
       9        0       0       0      57      8      0      0       0    0   0M
      13        0       0       0      55      7      0      0       0    0   0M
      14        0       0       0      57      7      0      0       0    0   0M
       8        0       0       0      51      6      0      0       0    0   0M
      11        0       0       0      54      7      0      0       0    0   0M
      14        0       0       0      57      7      0      0       0    0   0M
      12        0       0       0      58      8      0      0       0    0   0M
      11        0       0       0      54      7      0      0       0    0   0M
      14        0       0       0      57      7      0      0       0    0   0M
       6        0       0       0      55      8      0      0       0    0   0M
       9        0       0       0      45      5      0      0       0    0   0M
       7        0       0       0      41      4      0      0       0    0   0M
      17        0       0       0      56      7      0      0       0    0   0M
      11        0       0       0      56      8      0      0       0    0   0M
       8        0       0       0      56      8      0      0       0    0   0M
      12        0       0       0      55      7      0      0       0    0   0M
      16        0       0       0      56      8      0      0       0    0   0M
      16        0       0       0      56      7      0      0       0    0   0M
      10        0       0       0      59      8      0      0       0    0   0M
       9        0       0       0      51      5      0      0       0    0   0M
      12        0       0       0      59      7      0      0       0    0   0M
      18        0       0       0      58      8      0      0       0    0   0M
      16        0       0       0      58      8      0      0       0    0   0M
       8        0       0       0      32      4      0      0       0    0   0M
      14        0       0       0      55      7      0      0       0    0   0M
      13        0       0       0      57      8      0      0       0    0   0M
       7        0       0       0      56      6      0      0       0    0   0M
      12        0       0       0      49      5      0      0       0    0   0M
      13        0       0       0      56      7      0      0       0    0   0M
       7        0       0       0      56      8      0      0       0    0   0M
       5        0       0       0      34      4      0      0       0    0   0M
      10        0       0       0      51      6      0      0       0    0   0M
      12        0       0       0      57      7      0      0       0    0   0M
       9        0       0       0      57      9      0      0       0    0   0M
      13        0       0       0      57      7      0      0       0    0   0M
      12        0       0       0      55      7      0      0       0    0   0M
      16        0       0       0      58      8      0      0       0    0   0M
       8        0       0       0      54      8      0      0       0    0   0M
      17        0       0       0      55      7      0      0       0    0   0M
       9        0       0       0      55      7      0      0       0    0   0M
       9        0       0       0      57      8      0      0       0    0   0M
      10        0       0       0      57      7      0      0       0    0   0M
      17        0       0       0      56      8      0      0       0    0   0M
      10        0       0       0      58      6      0      0       0    0   0M
       7        0       0       0      53      7      0      0       0    0   0M
       8        0       0       0      38      5      0      0       0    0   0M
      14        0       0       0      57      7      0      0       0    0   0M
       9        0       0       0      55      8      0      0       0    0   0M
      12        0       0       0      59      8      0      0       0    0   0M
       9        0       0       0      52      7      0      0       0    0   0M
      14        0       0       0      57      8      0      0       0    0   0M
      15        0       0       0      53      6      0      0       0    0   0M
      12        0       0       0      54      7      0      0       0    0   0M
       9        0       0       0      59      8      0      0       0    0   0M
      17        0       0       0      55      8      0      0       0    0   0M
      10        0       0       0      55      6      0      0       0    0   0M
      10        0       0       0      56      6      0      0       0    0   0M
       5        0       0       0      51      7      0      0       0    0   0M
       9        0       0       0      57      7      0      0       0    0   0M
      12        0       0       0      60      8      0      0       0    0   0M
      16        0       0       0      57      7      0      0       0    0   0M
       8        0       0       0      60      9      0      0       0    0   0M
      11        0       0       0      55      5      0      0       0    0   0M
      14        0       0       0      58      8      0      0       0    0   0M
      11        0       0       0      55      7      0      0       0    0   0M
       8        0       0       0      59      8      0      0       0    0   0M
      14        0       0       0      53      7      0      0       0    0   0M
       9        0       0       0      60      9      0      0       0    0   0M
      12        0       0       0      56      7      0      0       0    0   0M
      13        0       0       0      56      7      0      0       0    0   0M
      11        0       0       0      57      8      0      0       0    0   0M
      11        0       0       0      59      8      0      0       0    0   0M
       4        0       0       0      43      6      0      0       0    0   0M
      14        0       0       0      54      7      0      0       0    0   0M
      14        0       0       0      55      6      0      0       0    0   0M
      12        0       0       0      59      7      0      0       0    0   0M
      11        0       0       0      57      9      0      0       0    0   0M
      11        0       0       0      57      7      0      0       0    0   0M
      13        0       0       0      56      7      0      0       0    0   0M
       8        0       0       0      56      8      0      0       0    0   0M
      10        0       0       0      38      4      0      0       0    0   0M
       7        0       0       0      51      7      0      0       0    0   0M
      11        0       0       0      55      8      0      0       0    0   0M
       6        0       0       0      49      6      0      0       0    0   0M
       8        0       0       0      37      3      0      0       0    0   0M
