       0        0       0       0       0      0      0      0       0    0   0M
       1        1       0       0       0      0      0      0       0    0   0M
       3        3       0       0       0      0      0      0       0    0   0M
       0        0       0       0       0      0      0      0       0    0   0M
       5        0       0       0       6      0      0      0       0    0   0M
      13        0       0       0      14      0      0      0       0    0   0M
      11        0       0       0       9      0      0      0       0    0   0M
      10        0       0       0       9      0      0      0       0    0   0M
      12        0       0       0       5      0      0      0       0    0   0M
      11        0       0       0      15      1      0      0       0    0   0M
       9        0       0       0      18      1      0      0       0    0   0M
       9        0       0       0      26      4      0      0       0    0   0M
       8        0       0       0       9      1      0      0       0    0   0M
      11        0       0       0      39      5      0      0       0    0   0M
      14        0       0       0      54      7      0      0       0    0   0M
      14        0       0       0      60      9      0      0       0    0   0M
      11        0       0       0      57      8      0      0       0    0   0M
      12        0       0       0      32      2      0      0       0    0   0M
      11        0       0       0      57      8      0      0       0    0   0M
       7        0       0       0      54      6      0      0       0    0   0M
      12        0       0       0      49      5      0      0       0    0   0M
      13        0       0       0      24      1      0      0       0    0   0M
      14        0       0       0      22      2      0      0       0    0   0M
      10        0       0       0       9      0      0      0       0    0   0M
      11        0       0       0      18      1      0      0       0    0   0M
      15        0       0       0       8      0      0      0       0    0   0M
      10        0       0       0      19      1      0      0       0    0   0M
      11        0       0       0      57      8      0      0       0    0   0M
      11        0       0       0      24      2      0      0       0    0   0M
       7        0       0       0       0      0      0      0       0    0   0M
      10        0       0       0      22      2      0      0       0    0   0M
      10        0       0       0       1      0      0      0       0    0   0M
      10        0       0       0      26      3      0      0       0    0   0M
      11        0       0       0      20      2      0      0       0    0   0M
      10        0       0       0      13      1      0      0       0    0   0M
       7        0       0       0      22      2      0      0       0    0   0M
       6        0       0       0      26      3      0      0       0    0   0M
       7        0       0       0      11      0      0      0       0    0   0M
      14        0       0       0       1      0      0      0       0    0   0M
       9        0       0       0      31      3      0      0       0    0   0M
       6        0       0       0      27      3      0      0       0    0   0M
       7        0       0       0      38      6      0      0       0    0   0M
       8        0       0       0      36      5      0      0       0    0   0M
      10        0       0       0      18      2      0      0       0    0   0M
      14        0       0       0      27      2      0      0       0    0   0M
      16        0       0       0      44      5      0      0       0    0   0M
       7        0       0       0      14      2      0      0       0    0   0M
      12        0       0       0      36      4      0      0       0    0   0M
      10        0       0       0      30      2      0      0       0    0   0M
       7        0       0       0       2      0      0      0       0    0   0M
       8        0       0       0      20      2      0      0       0    0   0M
      10        0       0       0       7      0      0      0       0    0   0M
       6        0       0       0       0      0      0      0       0    0   0M
      10        0       0       0      35      3      0      0       0    0   0M
      11        0       0       0      55      8      0      0       0    0   0M
       6        0       0       0      21      3      0      0       0    0   0M
      17        0       0       0      25      3      0      0       0    0   0M
      14        0       0       0      39      4      0      0       0    0   0M
      10        0       0       0      11      1      0      0       0    0   0M
       8        0       0       0      12      0      0      0       0    0   0M
       7        0       0       0      25      3      0      0       0    0   0M
      12        0       0       0      51      6      0      0       0    0   0M
      10        0       0       0      33      4      0      0       0    0   0M
       9        0       0       0      24      2      0      0       0    0   0M
       9        0       0       0      19      2      0      0       0    0   0M
      14        0       0       0      20      2      0      0       0    0   0M
      17        0       0       0      27      1      0      0       0    0   0M
      10        0       0       0      22      1      0      0       0    0   0M
       9        0       0       0      37      5      0      0       0    0   0M
      10        0       0       0      40      3      0      0       0    0   0M
      10        0       0       0      61      9      0      0       0    0   0M
      10        0       0       0      59      8      0      0       0    0   0M
       7        0       0       0      13      1      0      0       0    0   0M
      11        0       0       0      20      2      0      0       0    0   0M
      11        0       0       0      15      1      0      0       0    0   0M
      13        0       0       0      34      2      0      0       0    0   0M
      15        0       0       0      26      2      0      0       0    0   0M
      10        0       0       0      11      0      0      0       0    0   0M
       5        0       0       0      10      1      0      0       0    0   0M
      11        0       0       0      55      7      0      0       0    0   0M
      16        0       0       0      59      9      0      0       0    0   0M
      18        0       0       0      56      7      0      0       0    0   0M
       6        0       0       0      48      6      0      0       0    0   0M
      11        0       0       0      58      8      0      0       0    0   0M
      16        0       0       0      56      7      0      0       0    0   0M
       6        0       0       0      37      4      0      0       0    0   0M
       8        0       0       0      19      2      0      0       0    0   0M
      18        0       0       0      58      8      0      0       0    0   0M
       9        0       0       0      56      6      0      0       0    0   0M
      15        0       0       0      42      4      0      0       0    0   0M
       8        0       0       0      19      3      0      0       0    0   0M
      10        0       0       0      18      1      0      0       0    0   0M
       9        0       0       0      27      2      0      0       0    0   0M
      10        0       0       0       9      1      0      0       0    0   0M
      10        0       0       0       9      1      0      0       0    0   0M
      10        0       0       0      12      2      0      0       0    0   0M
       9        0       0       0      17      2      0      0       0    0   0M
      10        0       0       0      57      7      0      0       0    0   0M
      10        0       0       0      57      7      0      0       0    0   0M
       3        0       0       0      15      2      0      0       0    0   0M
      11        0       0       0      54      6      0      0       0    0   0M
      13        0       0       0      41      5      0      0       0    0   0M
      13        0       0       0      46      5      0      0       0    0   0M
