       0        0       0       0       0      0      0      0       0    0   0M
       3        3       0       0       0      0      0      0       0    0   0M
       0        1       0       0       0      0      0      0       0    0   0M
       0        0       0       0       0      0      0      0       0    0   0M
       3        0       0       0      11      1      0      0       0    0   0M
       7        0       0       0      35      4      0      0       0    0   0M
       7        0       0       0      33      4      0      0       0    0   0M
       7        0       0       0      19      3      0      0       0    0   0M
       7        0       0       0      43      6      0      0       0    0   0M
      11        0       0       0      56      7      0      0       0    0   0M
      12        0       0       0      55      7      0      0       0    0   0M
      13        0       0       0      56      8      0      0       0    0   0M
       9        0       0       0      57      7      0      0       0    0   0M
      12        0       0       0      57      8      0      0       0    0   0M
      12        0       0       0      62      9      0      0       0    0   0M
      13        0       0       0      56      8      0      0       0    0   0M
      15        0       0       0      59      9      0      0       0    0   0M
       8        0       0       0      57      8      0      0       0    0   0M
      10        0       0       0      55      7      0      0       0    0   0M
      11        0       0       0      57      8      0      0       0    0   0M
       7        0       0       0      54      7      0      0       0    0   0M
       8        0       0       0      29      4      0      0       0    0   0M
       8        0       0       0      39      5      0      0       0    0   0M
       8        0       0       0      47      6      0      0       0    0   0M
      12        0       0       0      60      7      0      0       0    0   0M
       9        0       0       0      55      7      0      0       0    0   0M
       4        0       0       0      35      5      0      0       0    0   0M
      13        0       0       0      51      6      0      0       0    0   0M
       8        0       0       0      38      4      0      0       0    0   0M
       9        0       0       0      32      4      0      0       0    0   0M
      12        0       0       0      57      8      0      0       0    0   0M
      13        0       0       0      59      7      0      0       0    0   0M
       7        0       0       0      58      7      0      0       0    0   0M
       8        0       0       0      49      7      0      0       0    0   0M
      10        0       0       0      54      7      0      0       0    0   0M
       8        0       0       0      48      6      0      0       0    0   0M
       7        0       0       0      54      8      0      0       0    0   0M
       9        0       0       0      36      4      0      0       0    0   0M
      12        0       0       0      55      7      0      0       0    0   0M
      10        0       0       0      57      8      0      0       0    0   0M
       8        0       0       0      58      7      0      0       0    0   0M
       9        0       0       0      33      4      0      0       0    0   0M
      15        0       0       0      51      7      0      0       0    0   0M
      11        0       0       0      59      8      0      0       0    0   0M
       7        0       0       0      59      8      0      0       0    0   0M
      13        0       0       0      51      7      0      0       0    0   0M
       7        0       0       0      55      8      0      0       0    0   0M
      13        0       0       0      55      7      0      0       0    0   0M
      11        0       0       0      31      5      0      0       0    0   0M
      12        0       0       0      53      7      0      0       0    0   0M
      11        0       0       0      56      8      0      0       0    0   0M
      13        0       0       0      56      8      0      0       0    0   0M
      11        0       0       0      56      7      0      0       0    0   0M
       9        0       0       0      53      7      0      0       0    0   0M
       6        0       0       0      41      6      0      0       0    0   0M
       7        0       0       0      30      3      0      0       0    0   0M
      16        0       0       0      56      7      0      0       0    0   0M
       8        0       0       0      58      8      0      0       0    0   0M
      12        0       0       0      58      7      0      0       0    0   0M
       9        0       0       0      58      9      0      0       0    0   0M
      10        0       0       0      56      7      0      0       0    0   0M
      12        0       0       0      57      7      0      0       0    0   0M
       7        0       0       0      39      6      0      0       0    0   0M
       9        0       0       0      29      4      0      0       0    0   0M
      10        0       0       0      55      6      0      0       0    0   0M
       8        0       0       0      33      4      0      0       0    0   0M
      13        0       0       0      58      7      0      0       0    0   0M
      14        0       0       0      57      8      0      0       0    0   0M
      11        0       0       0      55      7      0      0       0    0   0M
      14        0       0       0      58      8      0      0       0    0   0M
       9        0       0       0      50      3      0      0       0    0   0M
      10        0       0       0      62      8      0      0       0    0   0M
       5        0       0       0      40      4      0      0       0    0   0M
      18        0       0       0      60      9      0      0       0    0   0M
      12        0       0       0      55      8      0      0       0    0   0M
       6        0       0       0      40      5      0      0       0    0   0M
       9        0       0       0      59      9      0      0       0    0   0M
       8        0       0       0      57      8      0      0       0    0   0M
      12        0       0       0      47      6      0      0       0    0   0M
      11        0       0       0      57      8      0      0       0    0   0M
      10        0       0       0      58      8      0      0       0    0   0M
      12        0       0       0      59      8      0      0       0    0   0M
      11        0       0       0      56      7      0      0       0    0   0M
      14        0       0       0      58      7      0      0       0    0   0M
      11        0       0       0      53      7      0      0       0    0   0M
       6        0       0       0      48      7      0      0       0    0   0M
       9        0       0       0      53      7      0      0       0    0   0M
       7        0       0       0      55      7      0      0       0    0   0M
       7        0       0       0      51      6      0      0       0    0   0M
      10        0       0       0      60      8      0      0       0    0   0M
       6        0       0       0      42      6      0      0       0    0   0M
      11        0       0       0      54      6      0      0       0    0   0M
      10        0       0       0      51      7      0      0       0    0   0M
      16        0       0       0      59      8      0      0       0    0   0M
      10        0       0       0      56      7      0      0       0    0   0M
      19        0       0       0      58      8      0      0       0    0   0M
      11        0       0       0      57      8      0      0       0    0   0M
      11        0       0       0      57      8      0      0       0    0   0M
      13        0       0       0      41      5      0      0       0    0   0M
      10        0       0       0      53      6      0      0       0    0   0M
      12        0       0       0      53      8      0      0       0    0   0M
      16        0       0       0      53      6      0      0       0    0   0M
      12        0       0       0      41      4      0      0       0    0   0M
