       0        0       0       0       0      0      0      0       0    0   0M
       3        3       0       0       0      0      0      0       0    0   0M
       0        0       0       0       0      0      0      0       0    0   0M
       0        0       0       0       0      0      0      0       0    0   0M
       0       36       0       0       0      0      0      0       0    0   0M
       0       75       0       0       0      0      0      0       0    0   0M
       0       74       0       0       0      0      0      0       0    0   0M
       0       75       0       0       0      0      0      0       0    0   0M
       0       75       0       0       0      0      0      0       0    0   0M
       0       75       0       0       0      0      0      0       0    0   0M
       0       74       0       0       0      0      0      0       0    0   0M
       0       75       0       0       0      0      0      0       0    0   0M
       0       75       0       0       0      0      0      0       0    0   0M
       0       75       0       0       0      0      0      0       0    0   0M
       0       74       0       0       0      0      0      0       0    0   0M
       0       75       0       0       0      0      0      0       0    0   0M
       0       75       0       0       0      0      0      0       0    0   0M
       0       75       0       0       0      0      0      0       0    0   0M
       0       75       0       0       0      0      0      0       0    0   0M
       0       74       0       0       0      0      0      0       0    0   0M
       0       75       0       0       0      0      0      0       0    0   0M
       0       75       0       0       0      0      0      0       0    0   0M
       0       74       0       0       0      0      0      0       0    0   0M
       0       75       0       0       0      0      0      0       0    0   0M
       0       75       0       0       0      0      0      0       0    0   0M
       0       74       0       0       0      0      0      0       0    0   0M
       0       75       0       0       0      0      0      0       0    0   0M
       0       75       0       0       0      0      0      0       0    0   0M
       0       75       0       0       0      0      0      0       0    0   0M
       0       75       0       0       0      0      0      0       0    0   0M
       0       74       0       0       0      0      0      0       0    0   0M
       0       75       0       0       0      0      0      0       0    0   0M
       0       75       0       0       0      0      0      0       0    0   0M
       0       74       0       0       0      0      0      0       0    0   0M
       0       75       0       0       0      0      0      0       0    0   0M
       0       75       0       0       0      0      0      0       0    0   0M
       0       75       0       0       0      0      0      0       0    0   0M
       0       74       0       0       0      0      0      0       0    0   0M
       0       75       0       0       0      0      0      0       0    0   0M
       0       75       0       0       0      0      0      0       0    0   0M
       0       75       0       0       0      0      0      0       0    0   0M
       0       74       0       0       0      0      0      0       0    0   0M
       0       75       0       0       0      0      0      0       0    0   0M
       0       75       0       0       0      0      0      0       0    0   0M
       0       75       0       0       0      0      0      0       0    0   0M
       0       74       0       0       0      0      0      0       0    0   0M
       0       75       0       0       0      0      0      0       0    0   0M
       0       75       0       0       0      0      0      0       0    0   0M
       0       74       0       0       0      0      0      0       0    0   0M
       0       75       0       0       0      0      0      0       0    0   0M
       0       75       0       0       0      0      0      0       0    0   0M
       0       75       0       0       0      0      0      0       0    0   0M
       0       75       0       0       0      0      0      0       0    0   0M
       0       74       0       0       0      0      0      0       0    0   0M
       0       75       0       0       0      0      0      0       0    0   0M
       0       75       0       0       0      0      0      0       0    0   0M
       0       75       0       0       0      0      0      0       0    0   0M
       0       74       0       0       0      0      0      0       0    0   0M
       0       75       0       0       0      0      0      0       0    0   0M
       0       75       0       0       0      0      0      0       0    0   0M
       0       75       0       0       0      0      0      0       0    0   0M
       0       74       0       0       0      0      0      0       0    0   0M
       0       75       0       0       0      0      0      0       0    0   0M
       0       75       0       0       0      0      0      0       0    0   0M
       0       75       0       0       0      0      0      0       0    0   0M
       0       74       0       0       0      0      0      0       0    0   0M
       0       75       0       0       0      0      0      0       0    0   0M
       0       75       0       0       0      0      0      0       0    0   0M
       0       75       0       0       0      0      0      0       0    0   0M
       0       74       0       0       0      0      0      0       0    0   0M
       0       75       0       0       0      0      0      0       0    0   0M
       0       75       0       0       0      0      0      0       0    0   0M
       0       75       0       0       0      0      0      0       0    0   0M
       0       74       0       0       0      0      0      0       0    0   0M
       0       75       0       0       0      0      0      0       0    0   0M
       0       75       0       0       0      0      0      0       0    0   0M
       0       74       0       0       0      0      0      0       0    0   0M
       0       75       0       0       0      0      0      0       0    0   0M
       0       75       0       0       0      0      0      0       0    0   0M
       0       75       0       0       0      0      0      0       0    0   0M
       0       74       0       0       0      0      0      0       0    0   0M
       0       75       0       0       0      0      0      0       0    0   0M
       0       75       0       0       0      0      0      0       0    0   0M
       0       75       0       0       0      0      0      0       0    0   0M
       0       75       0       0       0      0      0      0       0    0   0M
       0       74       0       0       0      0      0      0       0    0   0M
       0       75       0       0       0      0      0      0       0    0   0M
       0       75       0       0       0      0      0      0       0    0   0M
       0       75       0       0       0      0      0      0       0    0   0M
       0       75       0       0       0      0      0      0       0    0   0M
       0       74       0       0       0      0      0      0       0    0   0M
       0       75       0       0       0      0      0      0       0    0   0M
       0       75       0       0       0      0      0      0       0    0   0M
       0       75       0       0       0      0      0      0       0    0   0M
       0       75       0       0       0      0      0      0       0    0   0M
       0       74       0       0       0      0      0      0       0    0   0M
       0       75       0       0       0      0      0      0       0    0   0M
       0       75       0       0       0      0      0      0       0    0   0M
       0       75       0       0       0      0      0      0       0    0   0M
       0       74       0       0       0      0      0      0       0    0   0M
       0       75       0       0       0      0      0      0       0    0   0M
       0       75       0       0       0      0      0      0       0    0   0M
       0       75       0       0       0      0      0      0       0    0   0M
