       0        0       0       0       0      0      0      0       0    0   0M
       3        4       0       0       0      0      0      0       0    0   0M
       0        0       0       0       0      0      0      0       0    0   0M
       0        0       0       0       0      0      0      0       0    0   0M
       8        0       0       0       6      0      0      0       0    0   0M
       7        0       0       0      23      3      0      0       0    0   0M
      10        0       0       0      37      4      0      0       0    0   0M
      10        0       0       0      23      2      0      0       0    0   0M
      12        0       0       0      30      3      0      0       0    0   0M
       8        0       0       0      51      7      0      0       0    0   0M
       8        0       0       0      46      5      0      0       0    0   0M
       6        0       0       0      33      4      0      0       0    0   0M
      12        0       0       0      51      6      0      0       0    0   0M
       9        0       0       0      56      8      0      0       0    0   0M
       8        0       0       0      58      7      0      0       0    0   0M
      10        0       0       0      55      8      0      0       0    0   0M
      11        0       0       0      57      6      0      0       0    0   0M
      11        0       0       0      36      5      0      0       0    0   0M
       6        0       0       0      39      4      0      0       0    0   0M
      18        0       0       0      56      8      0      0       0    0   0M
      12        0       0       0      54      6      0      0       0    0   0M
       9        0       0       0      43      6      0      0       0    0   0M
       8        0       0       0       6      0      0      0       0    0   0M
      11        0       0       0      32      3      0      0       0    0   0M
      10        0       0       0      55      8      0      0       0    0   0M
      12        0       0       0      30      4      0      0       0    0   0M
      15        0       0       0      54      7      0      0       0    0   0M
      10        0       0       0      56      7      0      0       0    0   0M
      12        0       0       0      57      8      0      0       0    0   0M
      17        0       0       0      46      5      0      0       0    0   0M
      10        0       0       0      18      0      0      0       0    0   0M
       7        0       0       0      21      2      0      0       0    0   0M
      13        0       0       0      58      7      0      0       0    0   0M
      15        0       0       0      18      2      0      0       0    0   0M
      10        0       0       0      46      5      0      0       0    0   0M
       6        0       0       0      37      5      0      0       0    0   0M
       9        0       0       0      29      2      0      0       0    0   0M
      12        0       0       0      57      8      0      0       0    0   0M
      11        0       0       0      58      7      0      0       0    0   0M
       9        0       0       0      60      9      0      0       0    0   0M
      15        0       0       0      56      7      0      0       0    0   0M
       8        0       0       0      46      6      0      0       0    0   0M
       8        0       0       0      18      1      0      0       0    0   0M
       9        0       0       0      35      5      0      0       0    0   0M
       8        0       0       0      25      2      0      0       0    0   0M
      11        0       0       0       6      0      0      0       0    0   0M
       6        0       0       0      24      3      0      0       0    0   0M
      10        0       0       0      48      6      0      0       0    0   0M
       8        0       0       0      21      2      0      0       0    0   0M
       9        0       0       0      19      0      0      0       0    0   0M
       9        0       0       0      33      4      0      0       0    0   0M
      11        0       0       0      45      5      0      0       0    0   0M
      11        0       0       0      36      5      0      0       0    0   0M
      11        0       0       0      25      3      0      0       0    0   0M
      13        0       0       0      55      7      0      0       0    0   0M
      11        0       0       0      49      6      0      0       0    0   0M
      10        0       0       0      32      3      0      0       0    0   0M
       9        0       0       0      14      1      0      0       0    0   0M
       9        0       0       0      10      1      0      0       0    0   0M
      14        0       0       0      34      2      0      0       0    0   0M
      12        0       0       0      25      3      0      0       0    0   0M
      12        0       0       0      58      8      0      0       0    0   0M
      12        0       0       0      37      4      0      0       0    0   0M
      12        0       0       0      56      7      0      0       0    0   0M
       9        0       0       0      55      7      0      0       0    0   0M
      16        0       0       0      37      3      0      0       0    0   0M
      11        0       0       0      52      8      0      0       0    0   0M
      11        0       0       0      38      4      0      0       0    0   0M
      11        0       0       0      59      8      0      0       0    0   0M
       9        0       0       0      53      7      0      0       0    0   0M
       9        0       0       0      40      5      0      0       0    0   0M
      17        0       0       0      58      7      0      0       0    0   0M
       7        0       0       0      24      3      0      0       0    0   0M
      13        0       0       0      22      1      0      0       0    0   0M
      10        0       0       0      35      4      0      0       0    0   0M
      12        0       0       0      44      5      0      0       0    0   0M
      12        0       0       0      11      0      0      0       0    0   0M
       6        0       0       0      10      0      0      0       0    0   0M
      12        0       0       0      15      2      0      0       0    0   0M
       7        0       0       0      34      4      0      0       0    0   0M
       8        0       0       0      35      5      0      0       0    0   0M
       9        0       0       0       4      0      0      0       0    0   0M
       9        0       0       0      18      1      0      0       0    0   0M
       8        0       0       0      57      8      0      0       0    0   0M
      13        0       0       0      36      4      0      0       0    0   0M
      10        0       0       0      48      5      0      0       0    0   0M
      14        0       0       0      48      6      0      0       0    0   0M
       9        0       0       0      45      5      0      0       0    0   0M
      10        0       0       0      25      2      0      0       0    0   0M
      15        0       0       0      32      3      0      0       0    0   0M
       8        0       0       0      15      1      0      0       0    0   0M
      11        0       0       0      44      6      0      0       0    0   0M
      10        0       0       0      58      7      0      0       0    0   0M
       7        0       0       0      26      4      0      0       0    0   0M
      11        0       0       0      45      6      0      0       0    0   0M
       8        0       0       0      27      3      0      0       0    0   0M
      14        0       0       0      51      6      0      0       0    0   0M
      12        0       0       0      58      8      0      0       0    0   0M
      12        0       0       0      46      6      0      0       0    0   0M
      10        0       0       0      23      1      0      0       0    0   0M
       9        0       0       0      51      6      0      0       0    0   0M
       9        0       0       0      37      4      0      0       0    0   0M
      12        0       0       0      25      2      0      0       0    0   0M
