       0        0       0       0       0      0      0      0       0    0   0M
       2        1       0       0       1      0      1      0       0    0   0M
       1        2       0       0       0      0      0      0       0    0   0M
       0        0       0       0       0      0      0      0       0    0   0M
       4        0       0       0       4      0      0      0       0    0   0M
      14        0       0       0      39      4      0      0       0    0   0M
       6        0       0       0      43      4      0      0       0    0   0M
      11        0       0       0      21      2      0      0       0    0   0M
      11        0       0       0      30      3      0      0       0    0   0M
      10        0       0       0      56      8      0      0       0    0   0M
      11        0       0       0      54      7      0      0       0    0   0M
      15        0       0       0      32      3      0      0       0    0   0M
      14        0       0       0      57      8      0      0       0    0   0M
      13        0       0       0      53      5      0      0       0    0   0M
      11        0       0       0      54      6      0      0       0    0   0M
      11        0       0       0      60      8      0      0       0    0   0M
      10        0       0       0      50      5      0      0       0    0   0M
       9        0       0       0      35      4      0      0       0    0   0M
       9        0       0       0      58      8      0      0       0    0   0M
      12        0       0       0      54      7      0      0       0    0   0M
       9        0       0       0      58      8      0      0       0    0   0M
       9        0       0       0      41      5      0      0       0    0   0M
      11        0       0       0       9      0      0      0       0    0   0M
      14        0       0       0      30      4      0      0       0    0   0M
      12        0       0       0      58      8      0      0       0    0   0M
       8        0       0       0      37      5      0      0       0    0   0M
      13        0       0       0      55      7      0      0       0    0   0M
      11        0       0       0      61      9      0      0       0    0   0M
      15        0       0       0      54      6      0      0       0    0   0M
      11        0       0       0      34      5      0      0       0    0   0M
       8        0       0       0      23      2      0      0       0    0   0M
      15        0       0       0      24      2      0      0       0    0   0M
      15        0       0       0      49      6      0      0       0    0   0M
       8        0       0       0      13      1      0      0       0    0   0M
      15        0       0       0      49      6      0      0       0    0   0M
       9        0       0       0      55      7      0      0       0    0   0M
      10        0       0       0      36      4      0      0       0    0   0M
      11        0       0       0      55      7      0      0       0    0   0M
       9        0       0       0      53      7      0      0       0    0   0M
       9        0       0       0      58      7      0      0       0    0   0M
      14        0       0       0      56      6      0      0       0    0   0M
      16        0       0       0      34      5      0      0       0    0   0M
       6        0       0       0      36      5      0      0       0    0   0M
      13        0       0       0      43      5      0      0       0    0   0M
       6        0       0       0      24      3      0      0       0    0   0M
       7        0       0       0      14      1      0      0       0    0   0M
      10        0       0       0      27      2      0      0       0    0   0M
      12        0       0       0      47      6      0      0       0    0   0M
      12        0       0       0      15      2      0      0       0    0   0M
       8        0       0       0      18      1      0      0       0    0   0M
      11        0       0       0      44      6      0      0       0    0   0M
      16        0       0       0      46      4      0      0       0    0   0M
      10        0       0       0      36      4      0      0       0    0   0M
      13        0       0       0      28      3      0      0       0    0   0M
      12        0       0       0      51      5      0      0       0    0   0M
       9        0       0       0      43      6      0      0       0    0   0M
      12        0       0       0      28      3      0      0       0    0   0M
      11        0       0       0      18      0      0      0       0    0   0M
      11        0       0       0      26      2      0      0       0    0   0M
       9        0       0       0      28      1      0      0       0    0   0M
      15        0       0       0      25      2      0      0       0    0   0M
      13        0       0       0      57      6      0      0       0    0   0M
       9        0       0       0      33      5      0      0       0    0   0M
      13        0       0       0      58      8      0      0       0    0   0M
      14        0       0       0      48      6      0      0       0    0   0M
      10        0       0       0      37      4      0      0       0    0   0M
      10        0       0       0      47      6      0      0       0    0   0M
      11        0       0       0      41      4      0      0       0    0   0M
      14        0       0       0      56      7      0      0       0    0   0M
       7        0       0       0      52      7      0      0       0    0   0M
      10        0       0       0      46      6      0      0       0    0   0M
      12        0       0       0      50      5      0      0       0    0   0M
      12        0       0       0      30      3      0      0       0    0   0M
       4        0       0       0      22      3      0      0       0    0   0M
       9        0       0       0      46      5      0      0       0    0   0M
       8        0       0       0      38      3      0      0       0    0   0M
       7        0       0       0       8      0      0      0       0    0   0M
      11        0       0       0      16      0      0      0       0    0   0M
       7        0       0       0      17      2      0      0       0    0   0M
      12        0       0       0      57      8      0      0       0    0   0M
      14        0       0       0      20      1      0      0       0    0   0M
       9        0       0       0      11      0      0      0       0    0   0M
      12        0       0       0      26      2      0      0       0    0   0M
       9        0       0       0      58      8      0      0       0    0   0M
      12        0       0       0      39      4      0      0       0    0   0M
      13        0       0       0      43      4      0      0       0    0   0M
      11        0       0       0      49      7      0      0       0    0   0M
      12        0       0       0      43      6      0      0       0    0   0M
      10        0       0       0      23      1      0      0       0    0   0M
       9        0       0       0      31      3      0      0       0    0   0M
      12        0       0       0      14      1      0      0       0    0   0M
      11        0       0       0      50      7      0      0       0    0   0M
      13        0       0       0      55      7      0      0       0    0   0M
      14        0       0       0      18      1      0      0       0    0   0M
      13        0       0       0      43      5      0      0       0    0   0M
      13        0       0       0      30      2      0      0       0    0   0M
       8        0       0       0      46      6      0      0       0    0   0M
      13        0       0       0      53      5      0      0       0    0   0M
      13        0       0       0      42      4      0      0       0    0   0M
      10        0       0       0      15      2      0      0       0    0   0M
      14        0       0       0      55      7      0      0       0    0   0M
      11        0       0       0      32      3      0      0       0    0   0M
      12        0       0       0      16      1      0      0       0    0   0M
