       0        0       0       0       0      0      0      0       0    0   0M
       2        2       0       0       0      0      1      0       0    0   0M
       1        2       0       0       0      0      0      0       0    0   0M
       0        0       0       0       0      0      0      0       0    0   0M
       6        0       0       0       4      0      0      0       0    0   0M
      13        0       0       0      28      2      0      0       0    0   0M
       8        0       0       0      14      1      0      0       0    0   0M
      13        0       0       0      17      1      0      0       0    0   0M
      10        0       0       0       2      0      0      0       0    0   0M
      13        0       0       0      48      3      0      0       0    0   0M
       9        0       0       0      37      5      0      0       0    0   0M
      14        0       0       0      40      5      0      0       0    0   0M
       8        0       0       0       6      0      0      0       0    0   0M
      11        0       0       0      24      2      0      0       0    0   0M
      11        0       0       0      14      0      0      0       0    0   0M
       9        0       0       0      44      4      0      0       0    0   0M
      13        0       0       0      49      7      0      0       0    0   0M
      10        0       0       0      60      7      0      0       0    0   0M
      10        0       0       0      47      6      0      0       0    0   0M
      12        0       0       0       8      0      0      0       0    0   0M
       7        0       0       0      60      9      0      0       0    0   0M
      12        0       0       0      54      7      0      0       0    0   0M
      11        0       0       0      41      5      0      0       0    0   0M
      16        0       0       0      31      4      0      0       0    0   0M
      11        0       0       0      57      7      0      0       0    0   0M
       6        0       0       0      52      7      0      0       0    0   0M
      11        0       0       0      46      6      0      0       0    0   0M
      12        0       0       0      57      7      0      0       0    0   0M
      16        0       0       0      26      3      0      0       0    0   0M
      12        0       0       0      24      1      0      0       0    0   0M
      10        0       0       0      22      1      0      0       0    0   0M
       4        0       0       0       1      0      0      0       0    0   0M
       9        0       0       0      16      2      0      0       0    0   0M
       6        0       0       0       9      0      0      0       0    0   0M
      14        0       0       0      27      2      0      0       0    0   0M
      10        0       0       0      54      7      0      0       0    0   0M
      15        0       0       0      29      3      0      0       0    0   0M
      12        0       0       0      41      5      0      0       0    0   0M
       8        0       0       0      20      1      0      0       0    0   0M
      14        0       0       0      39      5      0      0       0    0   0M
       7        0       0       0      58      7      0      0       0    0   0M
      17        0       0       0      32      3      0      0       0    0   0M
       9        0       0       0      55      6      0      0       0    0   0M
      15        0       0       0      59      8      0      0       0    0   0M
      12        0       0       0      55      6      0      0       0    0   0M
      10        0       0       0      19      2      0      0       0    0   0M
      10        0       0       0      27      2      0      0       0    0   0M
      11        0       0       0      58      7      0      0       0    0   0M
       9        0       0       0      56      7      0      0       0    0   0M
      13        0       0       0      37      4      0      0       0    0   0M
       4        0       0       0       8      1      0      0       0    0   0M
       7        0       0       0      14      0      0      0       0    0   0M
      14        0       0       0      33      3      0      0       0    0   0M
       6        0       0       0      28      4      0      0       0    0   0M
      16        0       0       0      31      1      0      0       0    0   0M
      12        0       0       0      40      4      0      0       0    0   0M
      11        0       0       0      57      8      0      0       0    0   0M
      13        0       0       0      50      5      0      0       0    0   0M
      13        0       0       0      26      4      0      0       0    0   0M
       9        0       0       0      24      3      0      0       0    0   0M
      10        0       0       0      40      4      0      0       0    0   0M
      12        0       0       0      58      8      0      0       0    0   0M
      14        0       0       0      23      2      0      0       0    0   0M
      12        0       0       0      38      3      0      0       0    0   0M
       9        0       0       0      40      4      0      0       0    0   0M
       9        0       0       0      12      1      0      0       0    0   0M
      14        0       0       0      36      3      0      0       0    0   0M
      10        0       0       0      24      3      0      0       0    0   0M
      14        0       0       0      39      4      0      0       0    0   0M
      15        0       0       0      14      2      0      0       0    0   0M
      11        0       0       0       8      0      0      0       0    0   0M
       8        0       0       0      30      4      0      0       0    0   0M
      11        0       0       0      21      1      0      0       0    0   0M
      13        0       0       0      45      5      0      0       0    0   0M
      12        0       0       0      34      3      0      0       0    0   0M
      19        0       0       0      36      4      0      0       0    0   0M
      10        0       0       0      32      4      0      0       0    0   0M
       7        0       0       0      32      5      0      0       0    0   0M
      12        0       0       0      36      5      0      0       0    0   0M
      10        0       0       0      29      2      0      0       0    0   0M
       9        0       0       0       9      0      0      0       0    0   0M
       9        0       0       0      22      1      0      0       0    0   0M
      13        0       0       0      20      1      0      0       0    0   0M
      17        0       0       0      38      3      0      0       0    0   0M
      19        0       0       0      33      3      0      0       0    0   0M
      10        0       0       0      12      0      0      0       0    0   0M
      13        0       0       0      25      1      0      0       0    0   0M
      13        0       0       0      27      3      0      0       0    0   0M
       8        0       0       0      22      4      0      0       0    0   0M
      11        0       0       0      14      1      0      0       0    0   0M
      10        0       0       0      13      1      0      0       0    0   0M
       9        0       0       0      39      5      0      0       0    0   0M
       8        0       0       0      14      2      0      0       0    0   0M
      13        0       0       0      58      8      0      0       0    0   0M
       9        0       0       0       8      0      0      0       0    0   0M
      12        0       0       0      46      5      0      0       0    0   0M
       6        0       0       0      14      2      0      0       0    0   0M
       8        0       0       0       9      0      0      0       0    0   0M
      14        0       0       0      22      1      0      0       0    0   0M
      14        0       0       0      19      1      0      0       0    0   0M
       8        0       0       0      21      2      0      0       0    0   0M
      10        0       0       0      34      3      0      0       0    0   0M
      10        0       0       0      52      6      0      0       0    0   0M
