       0        0       0       0       0      0      0      0       0    0   0M
       1        1       0       0       0      0      0      0       0    0   0M
       2        1       0       0       0      0      1      0       0    0   0M
       1        2       0       0       0      0      0      0       0    0   0M
       6        0       0       0       3      0      0      0       0    0   0M
      11        0       0       0      35      3      0      0       0    0   0M
      12        0       0       0      27      4      0      0       0    0   0M
      13        0       0       0      17      1      0      0       0    0   0M
       9        0       0       0      49      6      0      0       0    0   0M
      10        0       0       0      47      7      0      0       0    0   0M
      12        0       0       0      34      3      0      0       0    0   0M
       8        0       0       0      26      2      0      0       0    0   0M
       8        0       0       0      14      1      0      0       0    0   0M
      17        0       0       0      22      2      0      0       0    0   0M
      12        0       0       0      41      4      0      0       0    0   0M
       9        0       0       0      41      3      0      0       0    0   0M
      13        0       0       0      54      8      0      0       0    0   0M
      14        0       0       0      52      7      0      0       0    0   0M
      10        0       0       0      20      2      0      0       0    0   0M
      14        0       0       0      46      5      0      0       0    0   0M
      12        0       0       0      56      8      0      0       0    0   0M
      15        0       0       0      55      7      0      0       0    0   0M
      14        0       0       0      30      3      0      0       0    0   0M
      13        0       0       0      57      7      0      0       0    0   0M
      15        0       0       0      56      7      0      0       0    0   0M
      11        0       0       0      55      7      0      0       0    0   0M
       9        0       0       0      58      8      0      0       0    0   0M
       7        0       0       0      42      5      0      0       0    0   0M
      13        0       0       0      16      1      0      0       0    0   0M
      16        0       0       0      16      1      0      0       0    0   0M
      14        0       0       0      28      3      0      0       0    0   0M
       9        0       0       0      19      1      0      0       0    0   0M
      16        0       0       0      57      7      0      0       0    0   0M
      12        0       0       0      56      7      0      0       0    0   0M
      16        0       0       0      59      9      0      0       0    0   0M
       8        0       0       0      29      3      0      0       0    0   0M
       8        0       0       0      33      3      0      0       0    0   0M
      10        0       0       0      25      3      0      0       0    0   0M
      11        0       0       0      27      3      0      0       0    0   0M
      14        0       0       0      57      8      0      0       0    0   0M
      12        0       0       0      37      3      0      0       0    0   0M
      12        0       0       0      48      6      0      0       0    0   0M
       9        0       0       0      57      7      0      0       0    0   0M
      11        0       0       0      57      7      0      0       0    0   0M
      12        0       0       0      56      7      0      0       0    0   0M
      10        0       0       0      17      2      0      0       0    0   0M
      13        0       0       0      46      5      0      0       0    0   0M
      13        0       0       0      59      9      0      0       0    0   0M
      10        0       0       0      43      6      0      0       0    0   0M
       8        0       0       0      26      2      0      0       0    0   0M
       9        0       0       0      25      3      0      0       0    0   0M
       4        0       0       0      22      2      0      0       0    0   0M
      12        0       0       0      57      8      0      0       0    0   0M
      10        0       0       0      34      5      0      0       0    0   0M
      12        0       0       0      31      4      0      0       0    0   0M
      12        0       0       0      43      5      0      0       0    0   0M
      14        0       0       0      59      8      0      0       0    0   0M
      11        0       0       0      58      8      0      0       0    0   0M
      10        0       0       0      52      7      0      0       0    0   0M
       9        0       0       0      48      5      0      0       0    0   0M
       9        0       0       0      54      8      0      0       0    0   0M
       7        0       0       0      54      7      0      0       0    0   0M
       9        0       0       0      31      4      0      0       0    0   0M
      11        0       0       0      54      7      0      0       0    0   0M
      13        0       0       0      36      4      0      0       0    0   0M
      12        0       0       0      29      3      0      0       0    0   0M
      14        0       0       0      31      3      0      0       0    0   0M
      12        0       0       0      55      7      0      0       0    0   0M
      10        0       0       0      32      3      0      0       0    0   0M
      11        0       0       0       4      0      0      0       0    0   0M
      15        0       0       0      19      1      0      0       0    0   0M
      11        0       0       0      22      2      0      0       0    0   0M
       8        0       0       0      28      3      0      0       0    0   0M
      12        0       0       0      55      7      0      0       0    0   0M
      13        0       0       0      31      0      0      0       0    0   0M
      10        0       0       0      48      6      0      0       0    0   0M
      12        0       0       0      57      8      0      0       0    0   0M
      14        0       0       0      16      0      0      0       0    0   0M
      15        0       0       0      60      8      0      0       0    0   0M
       8        0       0       0      20      1      0      0       0    0   0M
       9        0       0       0      25      3      0      0       0    0   0M
      10        0       0       0      43      4      0      0       0    0   0M
      13        0       0       0      40      4      0      0       0    0   0M
       9        0       0       0      22      2      0      0       0    0   0M
       5        0       0       0      25      2      0      0       0    0   0M
      13        0       0       0       5      0      0      0       0    0   0M
      11        0       0       0      57      8      0      0       0    0   0M
      13        0       0       0      58      7      0      0       0    0   0M
      13        0       0       0      17      1      0      0       0    0   0M
      10        0       0       0      29      2      0      0       0    0   0M
      11        0       0       0      55      7      0      0       0    0   0M
      11        0       0       0      51      5      0      0       0    0   0M
      14        0       0       0      43      4      0      0       0    0   0M
       8        0       0       0      49      7      0      0       0    0   0M
      14        0       0       0      35      3      0      0       0    0   0M
      11        0       0       0      38      5      0      0       0    0   0M
      10        0       0       0      41      5      0      0       0    0   0M
       9        0       0       0      42      4      0      0       0    0   0M
      13        0       0       0      42      4      0      0       0    0   0M
       5        0       0       0      26      3      0      0       0    0   0M
      15        0       0       0      42      5      0      0       0    0   0M
      12        0       0       0      56      6      0      0       0    0   0M
       8        0       0       0      56      7      0      0       0    0   0M
