       0        0       0       0       0      0      0      0       0    0   0M
       1        1       0       0       0      0      0      0       0    0   0M
       3        3       0       0       0      0      0      0       0    0   0M
       0        0       0       0       0      0      0      0       0    0   0M
       8        0       0       0      15      0      0      0       0    0   0M
      10        0       0       0      43      5      0      0       0    0   0M
       8        0       0       0      24      2      0      0       0    0   0M
      14        0       0       0      40      2      0      0       0    0   0M
      13        0       0       0      50      3      0      0       0    0   0M
      11        0       0       0      48      4      0      0       0    0   0M
      10        0       0       0      28      3      0      0       0    0   0M
      11        0       0       0      35      1      0      0       0    0   0M
       6        0       0       0      27      2      0      0       0    0   0M
       8        0       0       0      32      2      0      0       0    0   0M
      15        0       0       0      47      5      0      0       0    0   0M
       9        0       0       0      36      4      0      0       0    0   0M
      17        0       0       0      50      6      0      0       0    0   0M
       9        0       0       0      38      1      0      0       0    0   0M
       9        0       0       0      31      2      0      0       0    0   0M
      17        0       0       0      58      6      0      0       0    0   0M
      16        0       0       0      52      3      0      0       0    0   0M
      11        0       0       0      41      2      0      0       0    0   0M
      16        0       0       0      33      3      0      0       0    0   0M
      10        0       0       0      53      4      0      0       0    0   0M
      15        0       0       0      48      4      0      0       0    0   0M
      14        0       0       0      57      7      0      0       0    0   0M
      14        0       0       0      48      2      0      0       0    0   0M
       7        0       0       0      36      4      0      0       0    0   0M
      11        0       0       0      31      2      0      0       0    0   0M
       7        0       0       0      15      0      0      0       0    0   0M
       9        0       0       0      33      2      0      0       0    0   0M
      16        0       0       0      48      3      0      0       0    0   0M
      16        0       0       0      49      4      0      0       0    0   0M
      12        0       0       0      52      4      0      0       0    0   0M
      13        0       0       0      48      4      0      0       0    0   0M
      16        0       0       0      43      2      0      0       0    0   0M
      12        0       0       0      42      3      0      0       0    0   0M
      15        0       0       0      42      3      0      0       0    0   0M
      14        0       0       0      37      1      0      0       0    0   0M
      10        0       0       0      46      3      0      0       0    0   0M
      18        0       0       0      44      2      0      0       0    0   0M
      16        0       0       0      43      2      0      0       0    0   0M
       9        0       0       0      51      4      0      0       0    0   0M
      11        0       0       0      49      4      0      0       0    0   0M
      10        0       0       0      51      6      0      0       0    0   0M
       7        0       0       0      22      1      0      0       0    0   0M
      14        0       0       0      50      4      0      0       0    0   0M
      13        0       0       0      52      4      0      0       0    0   0M
      12        0       0       0      40      4      0      0       0    0   0M
       9        0       0       0      29      3      0      0       0    0   0M
      12        0       0       0      33      2      0      0       0    0   0M
      19        0       0       0      55      6      0      0       0    0   0M
      12        0       0       0      47      4      0      0       0    0   0M
      14        0       0       0      50      6      0      0       0    0   0M
       9        0       0       0      44      5      0      0       0    0   0M
      14        0       0       0      46      1      0      0       0    0   0M
      13        0       0       0      52      5      0      0       0    0   0M
      12        0       0       0      56      4      0      0       0    0   0M
       8        0       0       0      41      4      0      0       0    0   0M
      12        0       0       0      39      1      0      0       0    0   0M
      16        0       0       0      49      3      0      0       0    0   0M
      13        0       0       0      55      5      0      0       0    0   0M
       7        0       0       0      27      1      0      0       0    0   0M
      13        0       0       0      46      2      0      0       0    0   0M
      11        0       0       0      43      3      0      0       0    0   0M
       9        0       0       0      35      3      0      0       0    0   0M
      14        0       0       0      39      3      0      0       0    0   0M
      12        0       0       0      49      5      0      0       0    0   0M
       7        0       0       0      24      1      0      0       0    0   0M
       7        0       0       0      12      1      0      0       0    0   0M
       9        0       0       0      21      1      0      0       0    0   0M
       7        0       0       0      21      2      0      0       0    0   0M
      14        0       0       0      39      3      0      0       0    0   0M
      11        0       0       0      54      5      0      0       0    0   0M
      10        0       0       0      41      4      0      0       0    0   0M
      10        0       0       0      44      4      0      0       0    0   0M
      10        0       0       0      44      4      0      0       0    0   0M
       7        0       0       0      22      2      0      0       0    0   0M
      12        0       0       0      47      6      0      0       0    0   0M
       9        0       0       0      28      1      0      0       0    0   0M
       6        0       0       0      30      2      0      0       0    0   0M
       6        0       0       0      38      3      0      0       0    0   0M
       7        0       0       0      36      4      0      0       0    0   0M
       8        0       0       0      27      2      0      0       0    0   0M
       8        0       0       0      27      1      0      0       0    0   0M
      12        0       0       0      27      1      0      0       0    0   0M
       8        0       0       0      54      5      0      0       0    0   0M
      11        0       0       0      52      4      0      0       0    0   0M
       6        0       0       0      31      2      0      0       0    0   0M
      16        0       0       0      51      4      0      0       0    0   0M
      13        0       0       0      49      5      0      0       0    0   0M
      13        0       0       0      43      3      0      0       0    0   0M
      18        0       0       0      48      3      0      0       0    0   0M
       9        0       0       0      42      3      0      0       0    0   0M
      10        0       0       0      42      3      0      0       0    0   0M
       9        0       0       0      38      3      0      0       0    0   0M
       9        0       0       0      45      4      0      0       0    0   0M
      13        0       0       0      41      3      0      0       0    0   0M
       6        0       0       0      32      3      0      0       0    0   0M
      12        0       0       0      45      5      0      0       0    0   0M
      17        0       0       0      47      2      0      0       0    0   0M
       9        0       0       0      55      6      0      0       0    0   0M
      11        0       0       0      52      3      0      0       0    0   0M
