       0        0       0       0       0      0      0      0       0    0   0M
       3        3       0       0       0      0      0      0       0    0   0M
       0        1       0       0       0      0      0      0       0    0   0M
       0        0       0       0       0      0      0      0       0    0   0M
      37        0       0       0       0      0      0      0       0    0   0M
      73        0       0       0       0      0      0      0       0    0   0M
      74        0       0       0       0      0      0      0       0    0   0M
      76        0       0       0       0      0      0      0       0    0   0M
      75        0       0       0       0      0      0      0       0    0   0M
      73        0       0       0       0      0      0      0       0    0   0M
      74        0       0       0       0      0      0      0       0    0   0M
      72        0       0       0       0      0      0      0       0    0   0M
      72        0       0       0       0      0      0      0       0    0   0M
      75        0       0       0       0      0      0      0       0    0   0M
      70        0       0       0       0      0      0      0       0    0   0M
      73        0       0       0       0      0      0      0       0    0   0M
      74        0       0       0       0      0      0      0       0    0   0M
      74        0       0       0       0      0      0      0       0    0   0M
      71        0       0       0       0      0      0      0       0    0   0M
      73        0       0       0       0      0      0      0       0    0   0M
      74        0       0       0       0      0      0      0       0    0   0M
      73        0       0       0       0      0      0      0       0    0   0M
      75        0       0       0       0      0      0      0       0    0   0M
      73        0       0       0       0      0      0      0       0    0   0M
      71        0       0       0       0      0      0      0       0    0   0M
      73        0       0       0       0      0      0      0       0    0   0M
      73        0       0       0       0      0      0      0       0    0   0M
      72        0       0       0       0      0      0      0       0    0   0M
      73        0       0       0       0      0      0      0       0    0   0M
      72        0       0       0       0      0      0      0       0    0   0M
      74        0       0       0       0      0      0      0       0    0   0M
      71        0       0       0       0      0      0      0       0    0   0M
      73        0       0       0       0      0      0      0       0    0   0M
      74        0       0       0       0      0      0      0       0    0   0M
      72        0       0       0       0      0      0      0       0    0   0M
      73        0       0       0       0      0      0      0       0    0   0M
      74        0       0       0       0      0      0      0       0    0   0M
      74        0       0       0       0      0      0      0       0    0   0M
      73        0       0       0       0      0      0      0       0    0   0M
      73        0       0       0       0      0      0      0       0    0   0M
      75        0       0       0       0      0      0      0       0    0   0M
      72        0       0       0       0      0      0      0       0    0   0M
      74        0       0       0       0      0      0      0       0    0   0M
      73        0       0       0       0      0      0      0       0    0   0M
      73        0       0       0       0      0      0      0       0    0   0M
      74        0       0       0       0      0      0      0       0    0   0M
      74        0       0       0       0      0      0      0       0    0   0M
      72        0       0       0       0      0      0      0       0    0   0M
      75        0       0       0       0      0      0      0       0    0   0M
      74        0       0       0       0      0      0      0       0    0   0M
      75        0       0       0       0      0      0      0       0    0   0M
      73        0       0       0       0      0      0      0       0    0   0M
      73        0       0       0       0      0      0      0       0    0   0M
      73        0       0       0       0      0      0      0       0    0   0M
      73        0       0       0       0      0      0      0       0    0   0M
      72        0       0       0       0      0      0      0       0    0   0M
      73        0       0       0       0      0      0      0       0    0   0M
      75        0       0       0       0      0      0      0       0    0   0M
      72        0       0       0       0      0      0      0       0    0   0M
      75        0       0       0       0      0      0      0       0    0   0M
      74        0       0       0       0      0      0      0       0    0   0M
      73        0       0       0       0      0      0      0       0    0   0M
      74        0       0       0       0      0      0      0       0    0   0M
      74        0       0       0       0      0      0      0       0    0   0M
      74        0       0       0       0      0      0      0       0    0   0M
      74        0       0       0       0      0      0      0       0    0   0M
      73        0       0       0       0      0      0      0       0    0   0M
      74        0       0       0       0      0      0      0       0    0   0M
      74        0       0       0       0      0      0      0       0    0   0M
      73        0       0       0       0      0      0      0       0    0   0M
      73        0       0       0       0      0      0      0       0    0   0M
      75        0       0       0       0      0      0      0       0    0   0M
      75        0       0       0       0      0      0      0       0    0   0M
      72        0       0       0       0      0      0      0       0    0   0M
      76        0       0       0       0      0      0      0       0    0   0M
      73        0       0       0       0      0      0      0       0    0   0M
      74        0       0       0       0      0      0      0       0    0   0M
      75        0       0       0       0      0      0      0       0    0   0M
      73        0       0       0       0      0      0      0       0    0   0M
      72        0       0       0       0      0      0      0       0    0   0M
      73        0       0       0       0      0      0      0       0    0   0M
      75        0       0       0       0      0      0      0       0    0   0M
      72        0       0       0       0      0      0      0       0    0   0M
      75        0       0       0       0      0      0      0       0    0   0M
      74        0       0       0       0      0      0      0       0    0   0M
      73        0       0       0       0      0      0      0       0    0   0M
      72        0       0       0       0      0      0      0       0    0   0M
      73        0       0       0       0      0      0      0       0    0   0M
      73        0       0       0       0      0      0      0       0    0   0M
      73        0       0       0       0      0      0      0       0    0   0M
      73        0       0       0       0      0      0      0       0    0   0M
      74        0       0       0       0      0      0      0       0    0   0M
      72        0       0       0       0      0      0      0       0    0   0M
      73        0       0       0       0      0      0      0       0    0   0M
      72        0       0       0       0      0      0      0       0    0   0M
      73        0       0       0       0      0      0      0       0    0   0M
      74        0       0       0       0      0      0      0       0    0   0M
      71        0       0       0       0      0      0      0       0    0   0M
      74        0       0       0       0      0      0      0       0    0   0M
      73        0       0       0       0      0      0      0       0    0   0M
      72        0       0       0       0      0      0      0       0    0   0M
      74        0       0       0       0      0      0      0       0    0   0M
      74        0       0       0       0      0      0      0       0    0   0M
