       0        0       0       0       0      0      0      0       0    0   0M
       2        1       0       0       0      0      1      0       0    0   0M
       1        3       0       0       0      0      0      0       0    0   0M
       0        0       0       0       0      0      0      0       0    0   0M
       6        0       0       0      12      1      0      0       0    0   0M
       8        0       0       0      28      3      0      0       0    0   0M
      15        0       0       0      30      4      0      0       0    0   0M
       7        0       0       0      26      2      0      0       0    0   0M
      14        0       0       0      54      6      0      0       0    0   0M
      11        0       0       0      48      6      0      0       0    0   0M
       9        0       0       0      39      6      0      0       0    0   0M
      12        0       0       0      47      4      0      0       0    0   0M
      11        0       0       0      35      4      0      0       0    0   0M
      14        0       0       0      49      6      0      0       0    0   0M
      13        0       0       0      60      9      0      0       0    0   0M
      11        0       0       0      54      8      0      0       0    0   0M
      12        0       0       0      15      1      0      0       0    0   0M
       7        0       0       0      34      4      0      0       0    0   0M
       9        0       0       0      56      7      0      0       0    0   0M
       9        0       0       0      38      4      0      0       0    0   0M
      12        0       0       0      53      7      0      0       0    0   0M
      10        0       0       0      56      8      0      0       0    0   0M
      11        0       0       0      58      8      0      0       0    0   0M
       5        0       0       0      49      6      0      0       0    0   0M
      13        0       0       0      55      8      0      0       0    0   0M
       8        0       0       0      58      8      0      0       0    0   0M
      10        0       0       0      58      8      0      0       0    0   0M
      11        0       0       0      58      7      0      0       0    0   0M
       8        0       0       0      57      8      0      0       0    0   0M
      13        0       0       0      57      7      0      0       0    0   0M
       8        0       0       0      53      6      0      0       0    0   0M
      11        0       0       0      53      7      0      0       0    0   0M
       9        0       0       0      60      8      0      0       0    0   0M
      13        0       0       0      47      6      0      0       0    0   0M
      11        0       0       0      55      7      0      0       0    0   0M
      10        0       0       0      43      4      0      0       0    0   0M
      15        0       0       0      34      3      0      0       0    0   0M
      15        0       0       0      58      8      0      0       0    0   0M
      14        0       0       0      57      8      0      0       0    0   0M
      17        0       0       0      59      7      0      0       0    0   0M
       8        0       0       0      23      1      0      0       0    0   0M
       8        0       0       0      11      1      0      0       0    0   0M
      15        0       0       0      27      3      0      0       0    0   0M
       7        0       0       0      25      0      0      0       0    0   0M
       8        0       0       0      42      4      0      0       0    0   0M
      14        0       0       0      57      8      0      0       0    0   0M
       7        0       0       0      56      8      0      0       0    0   0M
       8        0       0       0      58      8      0      0       0    0   0M
      10        0       0       0      45      5      0      0       0    0   0M
       7        0       0       0      23      4      0      0       0    0   0M
      13        0       0       0      37      3      0      0       0    0   0M
       8        0       0       0      53      7      0      0       0    0   0M
       8        0       0       0      51      7      0      0       0    0   0M
       5        0       0       0      31      4      0      0       0    0   0M
      13        0       0       0      51      6      0      0       0    0   0M
       7        0       0       0      43      6      0      0       0    0   0M
       7        0       0       0      13      1      0      0       0    0   0M
      18        0       0       0      56      8      0      0       0    0   0M
      10        0       0       0      58      7      0      0       0    0   0M
       6        0       0       0      39      4      0      0       0    0   0M
       8        0       0       0      27      4      0      0       0    0   0M
       8        0       0       0      53      7      0      0       0    0   0M
      11        0       0       0      50      6      0      0       0    0   0M
       9        0       0       0      57      8      0      0       0    0   0M
      14        0       0       0      50      7      0      0       0    0   0M
       9        0       0       0      54      6      0      0       0    0   0M
      10        0       0       0      57      8      0      0       0    0   0M
      15        0       0       0      54      6      0      0       0    0   0M
      16        0       0       0      18      2      0      0       0    0   0M
       9        0       0       0      37      5      0      0       0    0   0M
      11        0       0       0      20      2      0      0       0    0   0M
       7        0       0       0      27      3      0      0       0    0   0M
      12        0       0       0      31      2      0      0       0    0   0M
      11        0       0       0      45      4      0      0       0    0   0M
      10        0       0       0      23      2      0      0       0    0   0M
       5        0       0       0      32      4      0      0       0    0   0M
      13        0       0       0      54      7      0      0       0    0   0M
      10        0       0       0      53      6      0      0       0    0   0M
       9        0       0       0      43      5      0      0       0    0   0M
       8        0       0       0      10      0      0      0       0    0   0M
       9        0       0       0      16      1      0      0       0    0   0M
      11        0       0       0      19      1      0      0       0    0   0M
       8        0       0       0       8      0      0      0       0    0   0M
       9        0       0       0      36      2      0      0       0    0   0M
      11        0       0       0      54      7      0      0       0    0   0M
       7        0       0       0      43      2      0      0       0    0   0M
      11        0       0       0      23      0      0      0       0    0   0M
      13        0       0       0      56      7      0      0       0    0   0M
       8        0       0       0      13      2      0      0       0    0   0M
       6        0       0       0      40      5      0      0       0    0   0M
      10        0       0       0      52      6      0      0       0    0   0M
       7        0       0       0      57      7      0      0       0    0   0M
      13        0       0       0      39      4      0      0       0    0   0M
      17        0       0       0      59      8      0      0       0    0   0M
      10        0       0       0      34      3      0      0       0    0   0M
       8        0       0       0      34      4      0      0       0    0   0M
       8        0       0       0      20      2      0      0       0    0   0M
       9        0       0       0      55      7      0      0       0    0   0M
      14        0       0       0      50      6      0      0       0    0   0M
       8        0       0       0      52      6      0      0       0    0   0M
      14        0       0       0      59      8      0      0       0    0   0M
       9        0       0       0      56      7      0      0       0    0   0M
      11        0       0       0      56      7      0      0       0    0   0M
