       0        0       0       0       0      0      0      0       0    0   0M
       3        3       0       0       2      0      0      0       0    0   0M
       0        1       0       0       0      0      0      0       0    0   0M
       0        0       0       0       0      0      0      0       0    0   0M
       5        0       0       0       5      0      0      0       0    0   0M
      15        0       0       0       4      0      0      0       0    0   0M
      11        0       0       0      58      8      0      0       0    0   0M
      11        0       0       0      57      8      0      0       0    0   0M
       9        0       0       0      48      6      0      0       0    0   0M
      12        0       0       0      32      3      0      0       0    0   0M
      14        0       0       0      55      7      0      0       0    0   0M
       7        0       0       0      58      7      0      0       0    0   0M
      14        0       0       0      56      7      0      0       0    0   0M
      12        0       0       0      55      7      0      0       0    0   0M
      14        0       0       0      58      8      0      0       0    0   0M
      11        0       0       0      60      8      0      0       0    0   0M
       8        0       0       0      57      7      0      0       0    0   0M
       6        0       0       0      43      6      0      0       0    0   0M
       9        0       0       0      60      9      0      0       0    0   0M
      19        0       0       0      60      8      0      0       0    0   0M
       9        0       0       0      56      8      0      0       0    0   0M
      13        0       0       0      34      4      0      0       0    0   0M
      12        0       0       0      54      7      0      0       0    0   0M
       9        0       0       0      33      3      0      0       0    0   0M
      11        0       0       0      39      3      0      0       0    0   0M
       7        0       0       0      44      6      0      0       0    0   0M
      11        0       0       0      53      7      0      0       0    0   0M
       6        0       0       0      45      6      0      0       0    0   0M
      11        0       0       0      50      7      0      0       0    0   0M
      11        0       0       0      16      2      0      0       0    0   0M
      10        0       0       0      30      3      0      0       0    0   0M
      11        0       0       0       1      0      0      0       0    0   0M
      15        0       0       0      55      6      0      0       0    0   0M
      11        0       0       0      37      4      0      0       0    0   0M
      11        0       0       0      31      4      0      0       0    0   0M
      14        0       0       0      46      5      0      0       0    0   0M
       8        0       0       0      47      6      0      0       0    0   0M
      10        0       0       0      31      3      0      0       0    0   0M
      13        0       0       0      41      4      0      0       0    0   0M
      15        0       0       0      34      3      0      0       0    0   0M
      13        0       0       0      55      7      0      0       0    0   0M
       8        0       0       0      58      8      0      0       0    0   0M
      12        0       0       0      49      6      0      0       0    0   0M
      12        0       0       0      33      3      0      0       0    0   0M
       7        0       0       0      30      4      0      0       0    0   0M
      14        0       0       0      58      8      0      0       0    0   0M
      12        0       0       0      39      4      0      0       0    0   0M
      15        0       0       0      32      4      0      0       0    0   0M
      10        0       0       0      48      6      0      0       0    0   0M
       6        0       0       0      46      6      0      0       0    0   0M
      13        0       0       0      10      0      0      0       0    0   0M
       8        0       0       0      49      7      0      0       0    0   0M
      12        0       0       0      42      5      0      0       0    0   0M
      10        0       0       0      43      4      0      0       0    0   0M
      13        0       0       0      38      5      0      0       0    0   0M
      11        0       0       0      33      4      0      0       0    0   0M
      13        0       0       0      25      2      0      0       0    0   0M
      13        0       0       0      53      6      0      0       0    0   0M
      10        0       0       0      36      4      0      0       0    0   0M
       8        0       0       0      44      6      0      0       0    0   0M
      11        0       0       0      35      4      0      0       0    0   0M
       9        0       0       0      19      2      0      0       0    0   0M
      14        0       0       0      57      7      0      0       0    0   0M
      12        0       0       0      58      8      0      0       0    0   0M
       9        0       0       0      49      5      0      0       0    0   0M
      12        0       0       0      58      8      0      0       0    0   0M
      10        0       0       0      58      9      0      0       0    0   0M
      12        0       0       0      54      6      0      0       0    0   0M
      13        0       0       0      54      6      0      0       0    0   0M
       9        0       0       0      55      7      0      0       0    0   0M
      11        0       0       0      58      7      0      0       0    0   0M
      18        0       0       0      55      6      0      0       0    0   0M
      12        0       0       0      50      5      0      0       0    0   0M
      14        0       0       0      58      7      0      0       0    0   0M
       7        0       0       0      55      8      0      0       0    0   0M
       9        0       0       0      20      2      0      0       0    0   0M
      11        0       0       0      47      6      0      0       0    0   0M
      13        0       0       0      56      7      0      0       0    0   0M
      12        0       0       0      32      4      0      0       0    0   0M
      13        0       0       0      59      9      0      0       0    0   0M
      16        0       0       0      46      6      0      0       0    0   0M
       6        0       0       0      44      6      0      0       0    0   0M
      12        0       0       0      23      3      0      0       0    0   0M
      10        0       0       0      54      7      0      0       0    0   0M
      14        0       0       0      57      8      0      0       0    0   0M
      13        0       0       0      26      3      0      0       0    0   0M
      10        0       0       0      56      8      0      0       0    0   0M
      17        0       0       0      57      7      0      0       0    0   0M
      14        0       0       0      55      8      0      0       0    0   0M
      14        0       0       0      58      8      0      0       0    0   0M
      12        0       0       0      57      8      0      0       0    0   0M
      15        0       0       0      57      8      0      0       0    0   0M
      13        0       0       0      60      9      0      0       0    0   0M
      21        0       0       0      55      6      0      0       0    0   0M
      13        0       0       0      57      8      0      0       0    0   0M
      16        0       0       0      25      1      0      0       0    0   0M
      10        0       0       0      49      7      0      0       0    0   0M
      10        0       0       0      45      4      0      0       0    0   0M
      14        0       0       0      13      0      0      0       0    0   0M
      15        0       0       0      53      6      0      0       0    0   0M
       9        0       0       0      57      8      0      0       0    0   0M
      18        0       0       0      57      8      0      0       0    0   0M
       9        0       0       0      42      6      0      0       0    0   0M
