       0        0       0       0       0      0      0      0       0    0   0M
       3        4       0       0       0      0      0      0       0    0   0M
       0        0       0       0       0      0      0      0       0    0   0M
       0        0       0       0       0      0      0      0       0    0   0M
       4        0       0       0       7      1      0      0       0    0   0M
      14        0       0       0       5      0      0      0       0    0   0M
       5        0       0       0      18      2      0      0       0    0   0M
      13        0       0       0      53      7      0      0       0    0   0M
      11        0       0       0      49      7      0      0       0    0   0M
       8        0       0       0      27      3      0      0       0    0   0M
      11        0       0       0      58      8      0      0       0    0   0M
      10        0       0       0      55      7      0      0       0    0   0M
      13        0       0       0      56      8      0      0       0    0   0M
      14        0       0       0      61      9      0      0       0    0   0M
       8        0       0       0      57      8      0      0       0    0   0M
      11        0       0       0      46      4      0      0       0    0   0M
      12        0       0       0      51      7      0      0       0    0   0M
       9        0       0       0      30      4      0      0       0    0   0M
      11        0       0       0      55      7      0      0       0    0   0M
      12        0       0       0      60      7      0      0       0    0   0M
      11        0       0       0      56      8      0      0       0    0   0M
       7        0       0       0      30      3      0      0       0    0   0M
      13        0       0       0      53      6      0      0       0    0   0M
      10        0       0       0      54      7      0      0       0    0   0M
       7        0       0       0      40      6      0      0       0    0   0M
      17        0       0       0      54      7      0      0       0    0   0M
      10        0       0       0      30      3      0      0       0    0   0M
      16        0       0       0      52      5      0      0       0    0   0M
       8        0       0       0      29      3      0      0       0    0   0M
      11        0       0       0      20      2      0      0       0    0   0M
       9        0       0       0      24      2      0      0       0    0   0M
       9        0       0       0      10      1      0      0       0    0   0M
      15        0       0       0      56      7      0      0       0    0   0M
      10        0       0       0      52      7      0      0       0    0   0M
      10        0       0       0      25      3      0      0       0    0   0M
      11        0       0       0      50      6      0      0       0    0   0M
      13        0       0       0      56      8      0      0       0    0   0M
       8        0       0       0      32      3      0      0       0    0   0M
       9        0       0       0      43      6      0      0       0    0   0M
      13        0       0       0      33      4      0      0       0    0   0M
       9        0       0       0      37      4      0      0       0    0   0M
      11        0       0       0      43      6      0      0       0    0   0M
       8        0       0       0      53      6      0      0       0    0   0M
       5        0       0       0      26      3      0      0       0    0   0M
      16        0       0       0      42      4      0      0       0    0   0M
      11        0       0       0      13      1      0      0       0    0   0M
      13        0       0       0      39      5      0      0       0    0   0M
      11        0       0       0      41      4      0      0       0    0   0M
       8        0       0       0      45      6      0      0       0    0   0M
       8        0       0       0      45      6      0      0       0    0   0M
      15        0       0       0      23      0      0      0       0    0   0M
      12        0       0       0      35      3      0      0       0    0   0M
       7        0       0       0      48      6      0      0       0    0   0M
       6        0       0       0       7      1      0      0       0    0   0M
       6        0       0       0      15      1      0      0       0    0   0M
      16        0       0       0      39      4      0      0       0    0   0M
      12        0       0       0      38      4      0      0       0    0   0M
      11        0       0       0      48      6      0      0       0    0   0M
       9        0       0       0      47      4      0      0       0    0   0M
      17        0       0       0      39      5      0      0       0    0   0M
      13        0       0       0      38      5      0      0       0    0   0M
      13        0       0       0      17      0      0      0       0    0   0M
      11        0       0       0      52      7      0      0       0    0   0M
      10        0       0       0      51      6      0      0       0    0   0M
      10        0       0       0      55      8      0      0       0    0   0M
       7        0       0       0      44      5      0      0       0    0   0M
      15        0       0       0      56      6      0      0       0    0   0M
      11        0       0       0      53      7      0      0       0    0   0M
      13        0       0       0      46      7      0      0       0    0   0M
      14        0       0       0      50      5      0      0       0    0   0M
       8        0       0       0      56      7      0      0       0    0   0M
      11        0       0       0      59      8      0      0       0    0   0M
      12        0       0       0      61      8      0      0       0    0   0M
      10        0       0       0      57      8      0      0       0    0   0M
       9        0       0       0      58      9      0      0       0    0   0M
      13        0       0       0      21      0      0      0       0    0   0M
       8        0       0       0      29      3      0      0       0    0   0M
      10        0       0       0      38      5      0      0       0    0   0M
      17        0       0       0      45      4      0      0       0    0   0M
       7        0       0       0      24      3      0      0       0    0   0M
       7        0       0       0      39      5      0      0       0    0   0M
      12        0       0       0      34      3      0      0       0    0   0M
      15        0       0       0      29      2      0      0       0    0   0M
       8        0       0       0      31      3      0      0       0    0   0M
      12        0       0       0      57      7      0      0       0    0   0M
      14        0       0       0      39      3      0      0       0    0   0M
      14        0       0       0      59      8      0      0       0    0   0M
       8        0       0       0      57      8      0      0       0    0   0M
      13        0       0       0      57      8      0      0       0    0   0M
      11        0       0       0      56      8      0      0       0    0   0M
       8        0       0       0      58      8      0      0       0    0   0M
      10        0       0       0      51      6      0      0       0    0   0M
       8        0       0       0      46      6      0      0       0    0   0M
      11        0       0       0      56      7      0      0       0    0   0M
      12        0       0       0      60      8      0      0       0    0   0M
       8        0       0       0      36      4      0      0       0    0   0M
      12        0       0       0      31      4      0      0       0    0   0M
       8        0       0       0      30      4      0      0       0    0   0M
       8        0       0       0      27      2      0      0       0    0   0M
      10        0       0       0      43      5      0      0       0    0   0M
       7        0       0       0      61      9      0      0       0    0   0M
      11        0       0       0      41      5      0      0       0    0   0M
       4        0       0       0      42      6      0      0       0    0   0M
