       0        0       0       0       0      0      0      0       0    0   0M
       1        1       0       0       0      0      0      0       0    0   0M
       3        3       0       0       0      0      0      0       0    0   0M
       0        0       0       0       0      0      0      0       0    0   0M
       5        0       0       0       4      0      0      0       0    0   0M
       7        0       0       0      10      1      0      0       0    0   0M
      12        0       0       0      27      1      0      0       0    0   0M
       8        0       0       0      19      1      0      0       0    0   0M
      13        0       0       0      10      0      0      0       0    0   0M
      12        0       0       0      17      1      0      0       0    0   0M
      12        0       0       0      16      1      0      0       0    0   0M
       7        0       0       0      23      2      0      0       0    0   0M
      15        0       0       0      39      5      0      0       0    0   0M
      10        0       0       0      57      8      0      0       0    0   0M
      13        0       0       0      56      6      0      0       0    0   0M
      11        0       0       0      56      7      0      0       0    0   0M
      15        0       0       0      55      7      0      0       0    0   0M
      10        0       0       0      55      7      0      0       0    0   0M
      10        0       0       0      23      3      0      0       0    0   0M
       9        0       0       0      42      5      0      0       0    0   0M
      10        0       0       0      46      5      0      0       0    0   0M
       9        0       0       0      11      0      0      0       0    0   0M
       5        0       0       0      22      3      0      0       0    0   0M
      13        0       0       0      28      2      0      0       0    0   0M
       8        0       0       0      54      8      0      0       0    0   0M
      11        0       0       0      36      3      0      0       0    0   0M
       9        0       0       0      26      3      0      0       0    0   0M
      10        0       0       0      19      2      0      0       0    0   0M
      11        0       0       0      20      0      0      0       0    0   0M
       7        0       0       0      21      1      0      0       0    0   0M
      13        0       0       0      21      0      0      0       0    0   0M
       8        0       0       0      15      2      0      0       0    0   0M
      10        0       0       0      30      3      0      0       0    0   0M
       8        0       0       0      52      7      0      0       0    0   0M
      14        0       0       0      44      4      0      0       0    0   0M
       9        0       0       0      19      1      0      0       0    0   0M
      12        0       0       0      56      8      0      0       0    0   0M
      14        0       0       0      57      7      0      0       0    0   0M
      12        0       0       0      53      6      0      0       0    0   0M
      10        0       0       0       0      0      0      0       0    0   0M
       9        0       0       0      24      2      0      0       0    0   0M
      14        0       0       0      12      0      0      0       0    0   0M
      15        0       0       0      45      3      0      0       0    0   0M
      13        0       0       0      14      2      0      0       0    0   0M
       9        0       0       0      14      1      0      0       0    0   0M
      13        0       0       0      54      7      0      0       0    0   0M
      10        0       0       0      13      1      0      0       0    0   0M
       8        0       0       0      37      4      0      0       0    0   0M
      11        0       0       0      15      1      0      0       0    0   0M
      13        0       0       0      26      2      0      0       0    0   0M
      11        0       0       0      26      2      0      0       0    0   0M
      13        0       0       0      34      4      0      0       0    0   0M
       9        0       0       0      11      0      0      0       0    0   0M
       9        0       0       0      39      5      0      0       0    0   0M
      14        0       0       0      12      0      0      0       0    0   0M
      12        0       0       0      16      1      0      0       0    0   0M
      16        0       0       0      15      1      0      0       0    0   0M
      13        0       0       0      20      2      0      0       0    0   0M
      10        0       0       0      25      2      0      0       0    0   0M
      15        0       0       0      57      6      0      0       0    0   0M
      10        0       0       0      54      8      0      0       0    0   0M
      10        0       0       0       9      1      0      0       0    0   0M
      13        0       0       0      21      2      0      0       0    0   0M
      10        0       0       0      56      7      0      0       0    0   0M
      13        0       0       0      27      2      0      0       0    0   0M
       6        0       0       0      12      1      0      0       0    0   0M
      12        0       0       0       7      1      0      0       0    0   0M
      15        0       0       0      24      1      0      0       0    0   0M
      14        0       0       0      24      2      0      0       0    0   0M
       8        0       0       0       8      0      0      0       0    0   0M
      11        0       0       0      17      1      0      0       0    0   0M
       9        0       0       0      18      1      0      0       0    0   0M
       6        0       0       0      21      3      0      0       0    0   0M
       3        0       0       0       0      0      0      0       0    0   0M
      11        0       0       0      27      3      0      0       0    0   0M
       8        0       0       0       9      0      0      0       0    0   0M
      14        0       0       0      52      6      0      0       0    0   0M
       9        0       0       0      44      5      0      0       0    0   0M
      10        0       0       0      17      2      0      0       0    0   0M
      10        0       0       0      15      0      0      0       0    0   0M
      10        0       0       0       6      0      0      0       0    0   0M
      11        0       0       0      16      2      0      0       0    0   0M
      11        0       0       0      49      6      0      0       0    0   0M
      10        0       0       0       9      1      0      0       0    0   0M
       9        0       0       0       6      0      0      0       0    0   0M
      11        0       0       0       1      0      0      0       0    0   0M
      12        0       0       0      22      1      0      0       0    0   0M
      10        0       0       0      58      9      0      0       0    0   0M
       7        0       0       0      18      1      0      0       0    0   0M
       9        0       0       0       9      0      0      0       0    0   0M
       8        0       0       0      37      5      0      0       0    0   0M
       4        0       0       0      27      4      0      0       0    0   0M
      13        0       0       0      49      5      0      0       0    0   0M
       7        0       0       0       0      0      0      0       0    0   0M
      12        0       0       0      15      2      0      0       0    0   0M
      12        0       0       0      43      5      0      0       0    0   0M
      10        0       0       0      58      9      0      0       0    0   0M
       9        0       0       0      54      6      0      0       0    0   0M
       7        0       0       0      18      0      0      0       0    0   0M
       9        0       0       0      11      0      0      0       0    0   0M
      11        0       0       0      23      3      0      0       0    0   0M
       9        0       0       0      11      0      0      0       0    0   0M
      16        0       0       0      48      6      0      0       0    0   0M
