       0        0       0       0       0      0      0      0       0    0   0M
       2        2       0       0       0      0      0      0       0    0   0M
       2        1       0       0       0      0      0      0       0    0   0M
       0        0       0       0       0      0      0      0       0    0   0M
       0        8       0       0       0      0      0      0       0    0   0M
       0       19       0       0       0      0      0      0       0    0   0M
       0       20       0       0       0      0      0      0       0    0   0M
       0       16       0       0       0      0      0      0       0    0   0M
       0       19       0       0       0      0      0      0       0    0   0M
       0       15       0       0       0      0      0      0       0    0   0M
       0       22       0       0       0      0      0      0       0    0   0M
       0       15       0       0       0      0      0      0       0    0   0M
       0       18       0       0       0      0      0      0       0    0   0M
       0       24       0       0       0      0      0      0       0    0   0M
       0       18       0       0       0      0      0      0       0    0   0M
       0       16       0       0       0      0      0      0       0    0   0M
       0       19       0       0       0      0      0      0       0    0   0M
       0       16       0       0       0      0      0      0       0    0   0M
       0       26       0       0       0      0      0      0       0    0   0M
       0       20       0       0       0      0      0      0       0    0   0M
       0       20       0       0       0      0      0      0       0    0   0M
       0       16       0       0       0      0      0      0       0    0   0M
       0       22       0       0       0      0      0      0       0    0   0M
       0       21       0       0       0      0      0      0       0    0   0M
       0       21       0       0       0      0      0      0       0    0   0M
       0       20       0       0       0      0      0      0       0    0   0M
       0       18       0       0       0      0      0      0       0    0   0M
       0       23       0       0       0      0      0      0       0    0   0M
       0       23       0       0       0      0      0      0       0    0   0M
       0       26       0       0       0      0      0      0       0    0   0M
       0       16       0       0       0      0      0      0       0    0   0M
       0       19       0       0       0      0      0      0       0    0   0M
       0       12       0       0       0      0      0      0       0    0   0M
       0       19       0       0       0      0      0      0       0    0   0M
       0       21       0       0       0      0      0      0       0    0   0M
       0       23       0       0       0      0      0      0       0    0   0M
       0       25       0       0       0      0      0      0       0    0   0M
       0       21       0       0       0      0      0      0       0    0   0M
       0       25       0       0       0      0      0      0       0    0   0M
       0       24       0       0       0      0      0      0       0    0   0M
       0       22       0       0       0      0      0      0       0    0   0M
       0       20       0       0       0      0      0      0       0    0   0M
       0       21       0       0       0      0      0      0       0    0   0M
       0       25       0       0       0      0      0      0       0    0   0M
       0       16       0       0       0      0      0      0       0    0   0M
       0       23       0       0       0      0      0      0       0    0   0M
       0       15       0       0       0      0      0      0       0    0   0M
       0       11       0       0       0      0      0      0       0    0   0M
       0       22       0       0       0      0      0      0       0    0   0M
       0       17       0       0       0      0      0      0       0    0   0M
       0       26       0       0       0      0      0      0       0    0   0M
       0       21       0       0       0      0      0      0       0    0   0M
       0       17       0       0       0      0      0      0       0    0   0M
       0       20       0       0       0      0      0      0       0    0   0M
       0       17       0       0       0      0      0      0       0    0   0M
       0       19       0       0       0      0      0      0       0    0   0M
       0       22       0       0       0      0      0      0       0    0   0M
       0       24       0       0       0      0      0      0       0    0   0M
       0       17       0       0       0      0      0      0       0    0   0M
       0       12       0       0       0      0      0      0       0    0   0M
       0       18       0       0       0      0      0      0       0    0   0M
       0       25       0       0       0      0      0      0       0    0   0M
       0       21       0       0       0      0      0      0       0    0   0M
       0       18       0       0       0      0      0      0       0    0   0M
       0       18       0       0       0      0      0      0       0    0   0M
       0       18       0       0       0      0      0      0       0    0   0M
       0       20       0       0       0      0      0      0       0    0   0M
       0       15       0       0       0      0      0      0       0    0   0M
       0       15       0       0       0      0      0      0       0    0   0M
       0       26       0       0       0      0      0      0       0    0   0M
       0       19       0       0       0      0      0      0       0    0   0M
       0       17       0       0       0      0      0      0       0    0   0M
       0       26       0       0       0      0      0      0       0    0   0M
       0       19       0       0       0      0      0      0       0    0   0M
       0       22       0       0       0      0      0      0       0    0   0M
       0       21       0       0       0      0      0      0       0    0   0M
       0       19       0       0       0      0      0      0       0    0   0M
       0       19       0       0       0      0      0      0       0    0   0M
       0       25       0       0       0      0      0      0       0    0   0M
       0       22       0       0       0      0      0      0       0    0   0M
       0       25       0       0       0      0      0      0       0    0   0M
       0       24       0       0       0      0      0      0       0    0   0M
       0       19       0       0       0      0      0      0       0    0   0M
       0       17       0       0       0      0      0      0       0    0   0M
       0       22       0       0       0      0      0      0       0    0   0M
       0       20       0       0       0      0      0      0       0    0   0M
       0       28       0       0       0      0      0      0       0    0   0M
       0       15       0       0       0      0      0      0       0    0   0M
       0       19       0       0       0      0      0      0       0    0   0M
       0       20       0       0       0      0      0      0       0    0   0M
       0       18       0       0       0      0      0      0       0    0   0M
       0       22       0       0       0      0      0      0       0    0   0M
       0       16       0       0       0      0      0      0       0    0   0M
       0       16       0       0       0      0      0      0       0    0   0M
       0       16       0       0       0      0      0      0       0    0   0M
       0       18       0       0       0      0      0      0       0    0   0M
       0       21       0       0       0      0      0      0       0    0   0M
       0       18       0       0       0      0      0      0       0    0   0M
       0       16       0       0       0      0      0      0       0    0   0M
       0       14       0       0       0      0      0      0       0    0   0M
       0       16       0       0       0      0      0      0       0    0   0M
       0       24       0       0       0      0      0      0       0    0   0M
       0       23       0       0       0      0      0      0       0    0   0M
