       0        0       0       0       0      0      0      0       0    0   0M
       3        3       0       0       0      0      1      0       0    0   0M
       0        0       0       0       0      0      0      0       0    0   0M
       0        0       0       0       0      0      0      0       0    0   0M
       6        0       0       0      25      3      0      0       0    0   0M
      11        0       0       0      48      6      0      0       0    0   0M
       8        0       0       0      56      7      0      0       0    0   0M
      11        0       0       0      59      8      0      0       0    0   0M
      12        0       0       0      54      7      0      0       0    0   0M
      16        0       0       0      59      8      0      0       0    0   0M
      10        0       0       0      54      7      0      0       0    0   0M
      11        0       0       0      55      6      0      0       0    0   0M
       7        0       0       0      56      8      0      0       0    0   0M
       8        0       0       0      49      6      0      0       0    0   0M
       9        0       0       0      56      7      0      0       0    0   0M
      10        0       0       0      58      8      0      0       0    0   0M
      16        0       0       0      56      8      0      0       0    0   0M
      14        0       0       0      58      8      0      0       0    0   0M
      11        0       0       0      55      7      0      0       0    0   0M
      16        0       0       0      59      8      0      0       0    0   0M
      11        0       0       0      53      5      0      0       0    0   0M
      17        0       0       0      54      7      0      0       0    0   0M
       8        0       0       0      56      6      0      0       0    0   0M
       4        0       0       0      47      6      0      0       0    0   0M
       6        0       0       0      36      5      0      0       0    0   0M
      10        0       0       0      52      7      0      0       0    0   0M
      16        0       0       0      58      8      0      0       0    0   0M
      13        0       0       0      57      8      0      0       0    0   0M
       9        0       0       0      54      8      0      0       0    0   0M
       8        0       0       0      44      5      0      0       0    0   0M
      10        0       0       0      46      7      0      0       0    0   0M
      15        0       0       0      56      7      0      0       0    0   0M
      11        0       0       0      57      7      0      0       0    0   0M
       7        0       0       0      43      6      0      0       0    0   0M
       8        0       0       0      55      8      0      0       0    0   0M
      10        0       0       0      57      7      0      0       0    0   0M
      11        0       0       0      57      7      0      0       0    0   0M
       8        0       0       0      57      8      0      0       0    0   0M
      11        0       0       0      55      6      0      0       0    0   0M
      12        0       0       0      54      5      0      0       0    0   0M
      13        0       0       0      56      7      0      0       0    0   0M
      12        0       0       0      56      8      0      0       0    0   0M
      17        0       0       0      61      8      0      0       0    0   0M
      12        0       0       0      23      3      0      0       0    0   0M
      17        0       0       0      57      7      0      0       0    0   0M
      10        0       0       0      54      6      0      0       0    0   0M
      10        0       0       0      56      7      0      0       0    0   0M
      12        0       0       0      47      6      0      0       0    0   0M
      11        0       0       0      59      8      0      0       0    0   0M
      12        0       0       0      45      4      0      0       0    0   0M
      11        0       0       0      61      9      0      0       0    0   0M
      17        0       0       0      54      6      0      0       0    0   0M
      13        0       0       0      55      7      0      0       0    0   0M
       9        0       0       0      51      6      0      0       0    0   0M
      18        0       0       0      57      8      0      0       0    0   0M
       8        0       0       0      56      6      0      0       0    0   0M
       9        0       0       0      54      7      0      0       0    0   0M
      13        0       0       0      59      8      0      0       0    0   0M
       8        0       0       0      56      8      0      0       0    0   0M
      12        0       0       0      50      7      0      0       0    0   0M
      10        0       0       0      44      5      0      0       0    0   0M
      10        0       0       0      56      6      0      0       0    0   0M
      16        0       0       0      56      7      0      0       0    0   0M
       7        0       0       0      58      8      0      0       0    0   0M
       9        0       0       0      45      5      0      0       0    0   0M
       8        0       0       0      55      7      0      0       0    0   0M
       9        0       0       0      45      7      0      0       0    0   0M
       9        0       0       0      57      6      0      0       0    0   0M
      10        0       0       0      57      8      0      0       0    0   0M
      13        0       0       0      56      8      0      0       0    0   0M
      13        0       0       0      50      6      0      0       0    0   0M
       8        0       0       0      17      1      0      0       0    0   0M
       9        0       0       0      39      6      0      0       0    0   0M
      13        0       0       0      42      5      0      0       0    0   0M
      15        0       0       0      57      7      0      0       0    0   0M
      12        0       0       0      55      8      0      0       0    0   0M
       6        0       0       0      46      5      0      0       0    0   0M
       9        0       0       0      49      7      0      0       0    0   0M
       6        0       0       0      50      7      0      0       0    0   0M
       7        0       0       0      35      4      0      0       0    0   0M
      11        0       0       0      59      8      0      0       0    0   0M
      10        0       0       0      56      7      0      0       0    0   0M
      14        0       0       0      56      8      0      0       0    0   0M
      13        0       0       0      59      7      0      0       0    0   0M
      10        0       0       0      59      8      0      0       0    0   0M
      11        0       0       0      56      7      0      0       0    0   0M
       9        0       0       0      57      7      0      0       0    0   0M
      10        0       0       0      55      8      0      0       0    0   0M
       7        0       0       0      59      8      0      0       0    0   0M
      11        0       0       0      52      8      0      0       0    0   0M
       5        0       0       0      43      6      0      0       0    0   0M
      10        0       0       0      56      7      0      0       0    0   0M
       9        0       0       0      53      6      0      0       0    0   0M
      10        0       0       0      56      7      0      0       0    0   0M
      10        0       0       0      51      7      0      0       0    0   0M
      12        0       0       0      57      8      0      0       0    0   0M
      13        0       0       0      19      2      0      0       0    0   0M
      10        0       0       0      51      6      0      0       0    0   0M
       9        0       0       0      55      8      0      0       0    0   0M
       8        0       0       0      59      8      0      0       0    0   0M
       8        0       0       0      53      7      0      0       0    0   0M
      11        0       0       0      56      7      0      0       0    0   0M
       4        0       0       0      39      6      0      0       0    0   0M
