       0        0       0       0       0      0      0      0       0    0   0M
       1        1       0       0       0      0      0      0       0    0   0M
       3        3       0       0       0      0      0      0       0    0   0M
       0        0       0       0       0      0      0      0       0    0   0M
       5        0       0       0      25      2      0      0       0    0   0M
      16        0       0       0      55      8      0      0       0    0   0M
       9        0       0       0      57      8      0      0       0    0   0M
      11        0       0       0      60      8      0      0       0    0   0M
       6        0       0       0      54      8      0      0       0    0   0M
      12        0       0       0      56      6      0      0       0    0   0M
      10        0       0       0      52      7      0      0       0    0   0M
      13        0       0       0      58      7      0      0       0    0   0M
      16        0       0       0      58      8      0      0       0    0   0M
      12        0       0       0      58      8      0      0       0    0   0M
       9        0       0       0      57      8      0      0       0    0   0M
      11        0       0       0      57      7      0      0       0    0   0M
      12        0       0       0      55      8      0      0       0    0   0M
      10        0       0       0      56      6      0      0       0    0   0M
       8        0       0       0      57      8      0      0       0    0   0M
       8        0       0       0      61      8      0      0       0    0   0M
      12        0       0       0      52      8      0      0       0    0   0M
      12        0       0       0      56      6      0      0       0    0   0M
       9        0       0       0      56      8      0      0       0    0   0M
       9        0       0       0      60      8      0      0       0    0   0M
      11        0       0       0      56      8      0      0       0    0   0M
      13        0       0       0      59      8      0      0       0    0   0M
      15        0       0       0      57      7      0      0       0    0   0M
       7        0       0       0      59      8      0      0       0    0   0M
      13        0       0       0      59      7      0      0       0    0   0M
      11        0       0       0      57      8      0      0       0    0   0M
       6        0       0       0      48      6      0      0       0    0   0M
       8        0       0       0      57      7      0      0       0    0   0M
       8        0       0       0      55      7      0      0       0    0   0M
      10        0       0       0      55      7      0      0       0    0   0M
      11        0       0       0      57      8      0      0       0    0   0M
      20        0       0       0      57      8      0      0       0    0   0M
      16        0       0       0      58      8      0      0       0    0   0M
      12        0       0       0      57      8      0      0       0    0   0M
      13        0       0       0      58      8      0      0       0    0   0M
      11        0       0       0      56      7      0      0       0    0   0M
      12        0       0       0      55      7      0      0       0    0   0M
      11        0       0       0      56      7      0      0       0    0   0M
       8        0       0       0      56      7      0      0       0    0   0M
      10        0       0       0      35      5      0      0       0    0   0M
      11        0       0       0      57      8      0      0       0    0   0M
       8        0       0       0      54      7      0      0       0    0   0M
      11        0       0       0      57      6      0      0       0    0   0M
      15        0       0       0      52      8      0      0       0    0   0M
      12        0       0       0      58      8      0      0       0    0   0M
       8        0       0       0      43      5      0      0       0    0   0M
       9        0       0       0      58      8      0      0       0    0   0M
      14        0       0       0      52      7      0      0       0    0   0M
       9        0       0       0      57      7      0      0       0    0   0M
      13        0       0       0      56      8      0      0       0    0   0M
      10        0       0       0      59      8      0      0       0    0   0M
      11        0       0       0      58      8      0      0       0    0   0M
      12        0       0       0      56      7      0      0       0    0   0M
      10        0       0       0      57      8      0      0       0    0   0M
       6        0       0       0      57      8      0      0       0    0   0M
      13        0       0       0      57      7      0      0       0    0   0M
      12        0       0       0      50      7      0      0       0    0   0M
      15        0       0       0      56      8      0      0       0    0   0M
       8        0       0       0      60      8      0      0       0    0   0M
      12        0       0       0      56      8      0      0       0    0   0M
       7        0       0       0      53      6      0      0       0    0   0M
      10        0       0       0      54      7      0      0       0    0   0M
      10        0       0       0      59      8      0      0       0    0   0M
       9        0       0       0      57      8      0      0       0    0   0M
      10        0       0       0      57      8      0      0       0    0   0M
      14        0       0       0      56      7      0      0       0    0   0M
       5        0       0       0      50      6      0      0       0    0   0M
       8        0       0       0      37      5      0      0       0    0   0M
       9        0       0       0      58      8      0      0       0    0   0M
      11        0       0       0      44      5      0      0       0    0   0M
      14        0       0       0      57      8      0      0       0    0   0M
      10        0       0       0      57      8      0      0       0    0   0M
      13        0       0       0      57      8      0      0       0    0   0M
      10        0       0       0      58      7      0      0       0    0   0M
      15        0       0       0      56      7      0      0       0    0   0M
      12        0       0       0      59      8      0      0       0    0   0M
      12        0       0       0      61      9      0      0       0    0   0M
      15        0       0       0      55      8      0      0       0    0   0M
       8        0       0       0      57      8      0      0       0    0   0M
       7        0       0       0      58      8      0      0       0    0   0M
      12        0       0       0      58      8      0      0       0    0   0M
       9        0       0       0      53      7      0      0       0    0   0M
       8        0       0       0      58      7      0      0       0    0   0M
      11        0       0       0      55      7      0      0       0    0   0M
      11        0       0       0      56      8      0      0       0    0   0M
       8        0       0       0      56      8      0      0       0    0   0M
      14        0       0       0      59      8      0      0       0    0   0M
       6        0       0       0      58      8      0      0       0    0   0M
      11        0       0       0      58      8      0      0       0    0   0M
      14        0       0       0      59      8      0      0       0    0   0M
       9        0       0       0      59      9      0      0       0    0   0M
       8        0       0       0      53      7      0      0       0    0   0M
       6        0       0       0      26      3      0      0       0    0   0M
      15        0       0       0      57      7      0      0       0    0   0M
       9        0       0       0      56      8      0      0       0    0   0M
      11        0       0       0      59      8      0      0       0    0   0M
       7        0       0       0      56      8      0      0       0    0   0M
      13        0       0       0      55      8      0      0       0    0   0M
      11        0       0       0      57      7      0      0       0    0   0M
