       0        0       0       0       0      0      0      0       0    0   0M
       1        1       0       0       0      0      0      0       0    0   0M
       3        3       0       0       0      0      0      0       0    0   0M
       0        0       0       0       0      0      0      0       0    0   0M
       6        0       0       0       4      0      0      0       0    0   0M
       7        0       0       0       2      0      0      0       0    0   0M
      11        0       0       0      20      2      0      0       0    0   0M
      10        0       0       0      33      4      0      0       0    0   0M
      11        0       0       0      30      4      0      0       0    0   0M
      13        0       0       0      30      3      0      0       0    0   0M
       8        0       0       0      48      6      0      0       0    0   0M
       6        0       0       0      21      3      0      0       0    0   0M
      16        0       0       0      16      1      0      0       0    0   0M
      12        0       0       0      15      2      0      0       0    0   0M
      12        0       0       0      19      2      0      0       0    0   0M
      15        0       0       0      22      2      0      0       0    0   0M
      12        0       0       0       6      0      0      0       0    0   0M
      10        0       0       0       5      0      0      0       0    0   0M
      11        0       0       0      56      8      0      0       0    0   0M
      17        0       0       0      23      2      0      0       0    0   0M
       6        0       0       0      13      1      0      0       0    0   0M
       8        0       0       0       6      0      0      0       0    0   0M
       8        0       0       0       8      0      0      0       0    0   0M
      11        0       0       0      14      1      0      0       0    0   0M
      10        0       0       0      17      0      0      0       0    0   0M
       9        0       0       0      30      4      0      0       0    0   0M
      16        0       0       0      48      5      0      0       0    0   0M
      16        0       0       0      45      4      0      0       0    0   0M
      15        0       0       0      28      3      0      0       0    0   0M
       7        0       0       0       9      1      0      0       0    0   0M
      12        0       0       0       2      0      0      0       0    0   0M
       7        0       0       0      20      1      0      0       0    0   0M
      12        0       0       0      27      3      0      0       0    0   0M
       9        0       0       0       9      1      0      0       0    0   0M
      13        0       0       0      44      4      0      0       0    0   0M
      11        0       0       0      57      7      0      0       0    0   0M
      13        0       0       0      19      2      0      0       0    0   0M
      13        0       0       0      19      1      0      0       0    0   0M
      10        0       0       0      15      1      0      0       0    0   0M
      10        0       0       0      31      3      0      0       0    0   0M
       9        0       0       0      12      0      0      0       0    0   0M
      13        0       0       0      11      0      0      0       0    0   0M
      12        0       0       0      40      4      0      0       0    0   0M
       6        0       0       0      41      5      0      0       0    0   0M
      11        0       0       0      46      5      0      0       0    0   0M
      15        0       0       0      26      1      0      0       0    0   0M
      10        0       0       0      19      1      0      0       0    0   0M
      15        0       0       0      28      3      0      0       0    0   0M
       7        0       0       0      27      3      0      0       0    0   0M
      17        0       0       0      39      2      0      0       0    0   0M
      11        0       0       0       5      0      0      0       0    0   0M
      10        0       0       0      19      0      0      0       0    0   0M
       9        0       0       0      16      1      0      0       0    0   0M
      13        0       0       0      54      7      0      0       0    0   0M
      15        0       0       0      26      2      0      0       0    0   0M
      14        0       0       0      23      2      0      0       0    0   0M
      10        0       0       0      25      2      0      0       0    0   0M
      10        0       0       0      13      1      0      0       0    0   0M
      10        0       0       0      43      5      0      0       0    0   0M
      11        0       0       0      16      2      0      0       0    0   0M
       9        0       0       0      21      2      0      0       0    0   0M
      15        0       0       0      45      4      0      0       0    0   0M
      13        0       0       0      18      0      0      0       0    0   0M
      14        0       0       0       8      0      0      0       0    0   0M
      11        0       0       0      47      6      0      0       0    0   0M
       9        0       0       0      32      4      0      0       0    0   0M
      15        0       0       0      46      5      0      0       0    0   0M
      16        0       0       0      41      4      0      0       0    0   0M
      10        0       0       0       8      0      0      0       0    0   0M
      12        0       0       0       3      0      0      0       0    0   0M
       9        0       0       0      42      5      0      0       0    0   0M
      16        0       0       0      41      5      0      0       0    0   0M
      16        0       0       0      11      0      0      0       0    0   0M
       8        0       0       0       4      0      0      0       0    0   0M
      12        0       0       0      25      2      0      0       0    0   0M
       9        0       0       0      35      5      0      0       0    0   0M
      14        0       0       0      17      0      0      0       0    0   0M
      13        0       0       0       3      0      0      0       0    0   0M
      13        0       0       0      27      3      0      0       0    0   0M
       4        0       0       0       7      0      0      0       0    0   0M
       7        0       0       0      32      3      0      0       0    0   0M
      11        0       0       0      25      2      0      0       0    0   0M
      12        0       0       0      19      2      0      0       0    0   0M
      15        0       0       0      25      1      0      0       0    0   0M
      12        0       0       0      13      1      0      0       0    0   0M
      14        0       0       0      38      5      0      0       0    0   0M
      14        0       0       0      16      0      0      0       0    0   0M
      10        0       0       0      39      4      0      0       0    0   0M
      14        0       0       0      20      3      0      0       0    0   0M
      14        0       0       0      22      1      0      0       0    0   0M
      10        0       0       0      35      3      0      0       0    0   0M
      14        0       0       0      18      1      0      0       0    0   0M
      18        0       0       0      25      2      0      0       0    0   0M
      13        0       0       0      33      4      0      0       0    0   0M
       9        0       0       0      19      1      0      0       0    0   0M
       9        0       0       0      56      7      0      0       0    0   0M
      12        0       0       0      53      7      0      0       0    0   0M
       5        0       0       0      13      0      0      0       0    0   0M
      10        0       0       0       7      0      0      0       0    0   0M
      11        0       0       0      51      7      0      0       0    0   0M
      13        0       0       0      40      4      0      0       0    0   0M
       8        0       0       0      12      2      0      0       0    0   0M
       7        0       0       0       9      0      0      0       0    0   0M
