       0        0       0       0       0      0      0      0       0    0   0M
       2        2       0       0       0      0      1      0       0    0   0M
       1        2       0       0       0      0      0      0       0    0   0M
       0        0       0       0       0      0      0      0       0    0   0M
       6        0       0       0      28      4      0      0       0    0   0M
      12        0       0       0      44      5      0      0       0    0   0M
      14        0       0       0      38      4      0      0       0    0   0M
       7        0       0       0      38      5      0      0       0    0   0M
       9        0       0       0      49      6      0      0       0    0   0M
      13        0       0       0      57      7      0      0       0    0   0M
       7        0       0       0      52      6      0      0       0    0   0M
      15        0       0       0      58      8      0      0       0    0   0M
      10        0       0       0      57      8      0      0       0    0   0M
       8        0       0       0      40      4      0      0       0    0   0M
      11        0       0       0      56      8      0      0       0    0   0M
       8        0       0       0      55      6      0      0       0    0   0M
      11        0       0       0      53      6      0      0       0    0   0M
       9        0       0       0      52      6      0      0       0    0   0M
      15        0       0       0      58      8      0      0       0    0   0M
       6        0       0       0      57      6      0      0       0    0   0M
       8        0       0       0      38      5      0      0       0    0   0M
      13        0       0       0      42      5      0      0       0    0   0M
       7        0       0       0      32      4      0      0       0    0   0M
      12        0       0       0      48      6      0      0       0    0   0M
       9        0       0       0      33      3      0      0       0    0   0M
      10        0       0       0      41      5      0      0       0    0   0M
       9        0       0       0      59      8      0      0       0    0   0M
      16        0       0       0      57      8      0      0       0    0   0M
      13        0       0       0      53      7      0      0       0    0   0M
      12        0       0       0      29      2      0      0       0    0   0M
      15        0       0       0      49      5      0      0       0    0   0M
      13        0       0       0      47      5      0      0       0    0   0M
      15        0       0       0      58      8      0      0       0    0   0M
      15        0       0       0      53      7      0      0       0    0   0M
      12        0       0       0      35      3      0      0       0    0   0M
       9        0       0       0      36      4      0      0       0    0   0M
      17        0       0       0      35      3      0      0       0    0   0M
      14        0       0       0      56      8      0      0       0    0   0M
       9        0       0       0      41      5      0      0       0    0   0M
      12        0       0       0      52      7      0      0       0    0   0M
      12        0       0       0      60      8      0      0       0    0   0M
       8        0       0       0      46      6      0      0       0    0   0M
      10        0       0       0      41      5      0      0       0    0   0M
      13        0       0       0      34      4      0      0       0    0   0M
      11        0       0       0      31      2      0      0       0    0   0M
      16        0       0       0      57      7      0      0       0    0   0M
      12        0       0       0      57      8      0      0       0    0   0M
       9        0       0       0      47      4      0      0       0    0   0M
      10        0       0       0      36      5      0      0       0    0   0M
       9        0       0       0      49      6      0      0       0    0   0M
       7        0       0       0      54      8      0      0       0    0   0M
      13        0       0       0      55      6      0      0       0    0   0M
      10        0       0       0      56      7      0      0       0    0   0M
      10        0       0       0      57      8      0      0       0    0   0M
      11        0       0       0      57      8      0      0       0    0   0M
      10        0       0       0      55      7      0      0       0    0   0M
      11        0       0       0      48      5      0      0       0    0   0M
      13        0       0       0      54      6      0      0       0    0   0M
      11        0       0       0      56      7      0      0       0    0   0M
      12        0       0       0      49      6      0      0       0    0   0M
       9        0       0       0      35      4      0      0       0    0   0M
      11        0       0       0      28      3      0      0       0    0   0M
       7        0       0       0      33      2      0      0       0    0   0M
      13        0       0       0      50      5      0      0       0    0   0M
      14        0       0       0      47      7      0      0       0    0   0M
      10        0       0       0      40      5      0      0       0    0   0M
      13        0       0       0      26      1      0      0       0    0   0M
       7        0       0       0      24      3      0      0       0    0   0M
      13        0       0       0      24      2      0      0       0    0   0M
      12        0       0       0      54      7      0      0       0    0   0M
       9        0       0       0      61      8      0      0       0    0   0M
      10        0       0       0      29      3      0      0       0    0   0M
      12        0       0       0      35      4      0      0       0    0   0M
      13        0       0       0      45      5      0      0       0    0   0M
      11        0       0       0      20      2      0      0       0    0   0M
      10        0       0       0      55      7      0      0       0    0   0M
       7        0       0       0      47      7      0      0       0    0   0M
      11        0       0       0      48      6      0      0       0    0   0M
       9        0       0       0      27      3      0      0       0    0   0M
      10        0       0       0      18      2      0      0       0    0   0M
      14        0       0       0      51      6      0      0       0    0   0M
      13        0       0       0      55      7      0      0       0    0   0M
       8        0       0       0      44      6      0      0       0    0   0M
      10        0       0       0      57      7      0      0       0    0   0M
      11        0       0       0      29      3      0      0       0    0   0M
      11        0       0       0      49      6      0      0       0    0   0M
      11        0       0       0      55      7      0      0       0    0   0M
       9        0       0       0      44      6      0      0       0    0   0M
       9        0       0       0      54      4      0      0       0    0   0M
      12        0       0       0      55      7      0      0       0    0   0M
      17        0       0       0      35      4      0      0       0    0   0M
      13        0       0       0      53      5      0      0       0    0   0M
      10        0       0       0      22      2      0      0       0    0   0M
       8        0       0       0      44      6      0      0       0    0   0M
      12        0       0       0      57      8      0      0       0    0   0M
       9        0       0       0      55      6      0      0       0    0   0M
       8        0       0       0      35      4      0      0       0    0   0M
      14        0       0       0      35      4      0      0       0    0   0M
       8        0       0       0      49      7      0      0       0    0   0M
      13        0       0       0      53      6      0      0       0    0   0M
      10        0       0       0      59      9      0      0       0    0   0M
       8        0       0       0      57      7      0      0       0    0   0M
      15        0       0       0      54      8      0      0       0    0   0M
