       0        0       0       0       0      0      0      0       0    0   0M
       2        2       0       0       0      0      1      0       0    0   0M
       1        2       0       0       0      0      0      0       0    0   0M
       0        0       0       0       0      0      0      0       0    0   0M
      34        0       0       0       0      0      0      0       0    0   0M
      69        0       0       0       0      0      0      0       0    0   0M
      64        0       0       0       0      0      0      0       0    0   0M
      67        0       0       0       0      0      0      0       0    0   0M
      67        0       0       0       0      0      0      0       0    0   0M
      68        0       0       0       0      0      0      0       0    0   0M
      68        0       0       0       0      0      0      0       0    0   0M
      65        0       0       0       0      0      0      0       0    0   0M
      67        0       0       0       0      0      0      0       0    0   0M
      66        0       0       0       0      0      0      0       0    0   0M
      66        0       0       0       0      0      0      0       0    0   0M
      67        0       0       0       0      0      0      0       0    0   0M
      68        0       0       0       0      0      0      0       0    0   0M
      65        0       0       0       0      0      0      0       0    0   0M
      67        0       0       0       0      0      0      0       0    0   0M
      69        0       0       0       0      0      0      0       0    0   0M
      68        0       0       0       0      0      0      0       0    0   0M
      65        0       0       0       0      0      0      0       0    0   0M
      69        0       0       0       0      0      0      0       0    0   0M
      62        0       0       0       0      0      0      0       0    0   0M
      64        0       0       0       0      0      0      0       0    0   0M
      65        0       0       0       0      0      0      0       0    0   0M
      67        0       0       0       0      0      0      0       0    0   0M
      67        0       0       0       0      0      0      0       0    0   0M
      66        0       0       0       0      0      0      0       0    0   0M
      66        0       0       0       0      0      0      0       0    0   0M
      69        0       0       0       0      0      0      0       0    0   0M
      70        0       0       0       0      0      0      0       0    0   0M
      68        0       0       0       0      0      0      0       0    0   0M
      68        0       0       0       0      0      0      0       0    0   0M
      67        0       0       0       0      0      0      0       0    0   0M
      67        0       0       0       0      0      0      0       0    0   0M
      68        0       0       0       0      0      0      0       0    0   0M
      66        0       0       0       0      0      0      0       0    0   0M
      66        0       0       0       0      0      0      0       0    0   0M
      63        0       0       0       0      0      0      0       0    0   0M
      67        0       0       0       0      0      0      0       0    0   0M
      67        0       0       0       0      0      0      0       0    0   0M
      70        0       0       0       0      0      0      0       0    0   0M
      67        0       0       0       0      0      0      0       0    0   0M
      67        0       0       0       0      0      0      0       0    0   0M
      67        0       0       0       0      0      0      0       0    0   0M
      66        0       0       0       0      0      0      0       0    0   0M
      68        0       0       0       0      0      0      0       0    0   0M
      67        0       0       0       0      0      0      0       0    0   0M
      66        0       0       0       0      0      0      0       0    0   0M
      66        0       0       0       0      0      0      0       0    0   0M
      66        0       0       0       0      0      0      0       0    0   0M
      68        0       0       0       0      0      0      0       0    0   0M
      67        0       0       0       0      0      0      0       0    0   0M
      65        0       0       0       0      0      0      0       0    0   0M
      67        0       0       0       0      0      0      0       0    0   0M
      63        0       0       0       0      0      0      0       0    0   0M
      67        0       0       0       0      0      0      0       0    0   0M
      70        0       0       0       0      0      0      0       0    0   0M
      68        0       0       0       0      0      0      0       0    0   0M
      66        0       0       0       0      0      0      0       0    0   0M
      67        0       0       0       0      0      0      0       0    0   0M
      65        0       0       0       0      0      0      0       0    0   0M
      66        0       0       0       0      0      0      0       0    0   0M
      66        0       0       0       0      0      0      0       0    0   0M
      69        0       0       0       0      0      0      0       0    0   0M
      68        0       0       0       0      0      0      0       0    0   0M
      69        0       0       0       0      0      0      0       0    0   0M
      67        0       0       0       0      0      0      0       0    0   0M
      62        0       0       0       0      0      0      0       0    0   0M
      64        0       0       0       0      0      0      0       0    0   0M
      66        0       0       0       0      0      0      0       0    0   0M
      68        0       0       0       0      0      0      0       0    0   0M
      67        0       0       0       0      0      0      0       0    0   0M
      67        0       0       0       0      0      0      0       0    0   0M
      68        0       0       0       0      0      0      0       0    0   0M
      66        0       0       0       0      0      0      0       0    0   0M
      62        0       0       0       0      0      0      0       0    0   0M
      65        0       0       0       0      0      0      0       0    0   0M
      66        0       0       0       0      0      0      0       0    0   0M
      65        0       0       0       0      0      0      0       0    0   0M
      67        0       0       0       0      0      0      0       0    0   0M
      67        0       0       0       0      0      0      0       0    0   0M
      67        0       0       0       0      0      0      0       0    0   0M
      66        0       0       0       0      0      0      0       0    0   0M
      70        0       0       0       0      0      0      0       0    0   0M
      69        0       0       0       0      0      0      0       0    0   0M
      65        0       0       0       0      0      0      0       0    0   0M
      68        0       0       0       0      0      0      0       0    0   0M
      62        0       0       0       0      0      0      0       0    0   0M
      67        0       0       0       0      0      0      0       0    0   0M
      68        0       0       0       0      0      0      0       0    0   0M
      66        0       0       0       0      0      0      0       0    0   0M
      64        0       0       0       0      0      0      0       0    0   0M
      67        0       0       0       0      0      0      0       0    0   0M
      66        0       0       0       0      0      0      0       0    0   0M
      67        0       0       0       0      0      0      0       0    0   0M
      66        0       0       0       0      0      0      0       0    0   0M
      70        0       0       0       0      0      0      0       0    0   0M
      69        0       0       0       0      0      0      0       0    0   0M
      68        0       0       0       0      0      0      0       0    0   0M
      66        0       0       0       0      0      0      0       0    0   0M
      66        0       0       0       0      0      0      0       0    0   0M
