       0        0       0       0       0      0      0      0       0    0   0M
       3        4       0       0       0      0      0      0       0    0   0M
       0        0       0       0       0      0      0      0       0    0   0M
       0        0       0       0       0      0      0      0       0    0   0M
       2        0       0       0       0      0      0      0       0    0   0M
       5        0       0       0      15      1      0      0       0    0   0M
       6        0       0       0      28      3      0      0       0    0   0M
      12        0       0       0      24      2      0      0       0    0   0M
      11        0       0       0      53      7      0      0       0    0   0M
      11        0       0       0      43      5      0      0       0    0   0M
      10        0       0       0      21      2      0      0       0    0   0M
      13        0       0       0      26      2      0      0       0    0   0M
       9        0       0       0      43      4      0      0       0    0   0M
       9        0       0       0      58      7      0      0       0    0   0M
       6        0       0       0      22      2      0      0       0    0   0M
      10        0       0       0      55      7      0      0       0    0   0M
       9        0       0       0      50      6      0      0       0    0   0M
       9        0       0       0      42      6      0      0       0    0   0M
       6        0       0       0      56      8      0      0       0    0   0M
       9        0       0       0      45      6      0      0       0    0   0M
      14        0       0       0      54      6      0      0       0    0   0M
       9        0       0       0      40      6      0      0       0    0   0M
       9        0       0       0      44      5      0      0       0    0   0M
      11        0       0       0      53      6      0      0       0    0   0M
      11        0       0       0      22      2      0      0       0    0   0M
       9        0       0       0      23      1      0      0       0    0   0M
      12        0       0       0      49      6      0      0       0    0   0M
       8        0       0       0      55      6      0      0       0    0   0M
      14        0       0       0      32      2      0      0       0    0   0M
       9        0       0       0      24      1      0      0       0    0   0M
      14        0       0       0      57      8      0      0       0    0   0M
      14        0       0       0      56      8      0      0       0    0   0M
      13        0       0       0      57      8      0      0       0    0   0M
      10        0       0       0      56      7      0      0       0    0   0M
      11        0       0       0      60      9      0      0       0    0   0M
      10        0       0       0      54      5      0      0       0    0   0M
      12        0       0       0      58      8      0      0       0    0   0M
       9        0       0       0      50      6      0      0       0    0   0M
       8        0       0       0      27      4      0      0       0    0   0M
      10        0       0       0      55      7      0      0       0    0   0M
      11        0       0       0      32      5      0      0       0    0   0M
      12        0       0       0      34      2      0      0       0    0   0M
      14        0       0       0      24      2      0      0       0    0   0M
       7        0       0       0      33      3      0      0       0    0   0M
       9        0       0       0      55      7      0      0       0    0   0M
      12        0       0       0      45      6      0      0       0    0   0M
      16        0       0       0      53      6      0      0       0    0   0M
      14        0       0       0      23      2      0      0       0    0   0M
      11        0       0       0      56      6      0      0       0    0   0M
      10        0       0       0      57      8      0      0       0    0   0M
       9        0       0       0      30      4      0      0       0    0   0M
      13        0       0       0      44      5      0      0       0    0   0M
      14        0       0       0      39      5      0      0       0    0   0M
      11        0       0       0      54      6      0      0       0    0   0M
       7        0       0       0      44      6      0      0       0    0   0M
      13        0       0       0      30      2      0      0       0    0   0M
      11        0       0       0      18      1      0      0       0    0   0M
      12        0       0       0      38      5      0      0       0    0   0M
      11        0       0       0      27      3      0      0       0    0   0M
      15        0       0       0      48      4      0      0       0    0   0M
      13        0       0       0      33      4      0      0       0    0   0M
      11        0       0       0      31      3      0      0       0    0   0M
      10        0       0       0      42      6      0      0       0    0   0M
      10        0       0       0      22      1      0      0       0    0   0M
      11        0       0       0      54      7      0      0       0    0   0M
      15        0       0       0      56      8      0      0       0    0   0M
       9        0       0       0      35      4      0      0       0    0   0M
      10        0       0       0      32      3      0      0       0    0   0M
      10        0       0       0      29      3      0      0       0    0   0M
      10        0       0       0      22      2      0      0       0    0   0M
       8        0       0       0      34      4      0      0       0    0   0M
       5        0       0       0       3      0      0      0       0    0   0M
      12        0       0       0       6      0      0      0       0    0   0M
      12        0       0       0      38      4      0      0       0    0   0M
       8        0       0       0      55      8      0      0       0    0   0M
      12        0       0       0      46      6      0      0       0    0   0M
      10        0       0       0      20      1      0      0       0    0   0M
       6        0       0       0      29      3      0      0       0    0   0M
       9        0       0       0      44      6      0      0       0    0   0M
      11        0       0       0      47      5      0      0       0    0   0M
       7        0       0       0      37      4      0      0       0    0   0M
       8        0       0       0      50      7      0      0       0    0   0M
       8        0       0       0      54      7      0      0       0    0   0M
       7        0       0       0      32      4      0      0       0    0   0M
      12        0       0       0       4      0      0      0       0    0   0M
       6        0       0       0      35      3      0      0       0    0   0M
      14        0       0       0      46      6      0      0       0    0   0M
      13        0       0       0      46      5      0      0       0    0   0M
      10        0       0       0      54      7      0      0       0    0   0M
       9        0       0       0      52      7      0      0       0    0   0M
      11        0       0       0      58      8      0      0       0    0   0M
      15        0       0       0      53      6      0      0       0    0   0M
      11        0       0       0      29      3      0      0       0    0   0M
      14        0       0       0      37      4      0      0       0    0   0M
       9        0       0       0      57      8      0      0       0    0   0M
      13        0       0       0      56      7      0      0       0    0   0M
      12        0       0       0      56      7      0      0       0    0   0M
      14        0       0       0      55      7      0      0       0    0   0M
       9        0       0       0      29      3      0      0       0    0   0M
      13        0       0       0      28      1      0      0       0    0   0M
      15        0       0       0      36      4      0      0       0    0   0M
      12        0       0       0      28      0      0      0       0    0   0M
      11        0       0       0      14      1      0      0       0    0   0M
