       0        0       0       0       0      0      0      0       0    0   0M
       1        1       0       0       0      0      0      0       0    0   0M
       3        3       0       0       0      0      0      0       0    0   0M
       0        0       0       0       0      0      0      0       0    0   0M
       5        0       0       0       6      0      0      0       0    0   0M
       9        0       0       0      11      0      0      0       0    0   0M
      14        0       0       0      33      3      0      0       0    0   0M
      13        0       0       0      33      4      0      0       0    0   0M
       7        0       0       0      36      5      0      0       0    0   0M
      11        0       0       0      37      5      0      0       0    0   0M
      13        0       0       0      23      2      0      0       0    0   0M
      11        0       0       0      17      1      0      0       0    0   0M
       9        0       0       0      34      3      0      0       0    0   0M
       9        0       0       0      28      2      0      0       0    0   0M
      13        0       0       0      56      7      0      0       0    0   0M
      14        0       0       0      56      7      0      0       0    0   0M
      11        0       0       0      56      7      0      0       0    0   0M
      14        0       0       0      60      8      0      0       0    0   0M
      14        0       0       0      21      2      0      0       0    0   0M
       7        0       0       0      36      5      0      0       0    0   0M
       6        0       0       0      49      7      0      0       0    0   0M
       7        0       0       0      39      5      0      0       0    0   0M
      16        0       0       0      42      5      0      0       0    0   0M
      12        0       0       0      26      2      0      0       0    0   0M
      10        0       0       0      28      3      0      0       0    0   0M
       5        0       0       0      16      2      0      0       0    0   0M
      12        0       0       0      17      1      0      0       0    0   0M
       9        0       0       0      48      7      0      0       0    0   0M
      12        0       0       0      49      6      0      0       0    0   0M
      13        0       0       0      52      5      0      0       0    0   0M
      10        0       0       0      47      6      0      0       0    0   0M
       9        0       0       0      30      2      0      0       0    0   0M
      16        0       0       0      36      4      0      0       0    0   0M
      15        0       0       0      57      8      0      0       0    0   0M
      10        0       0       0      29      3      0      0       0    0   0M
      10        0       0       0       9      1      0      0       0    0   0M
      14        0       0       0      40      4      0      0       0    0   0M
       8        0       0       0      60      8      0      0       0    0   0M
      14        0       0       0      55      8      0      0       0    0   0M
      10        0       0       0      47      6      0      0       0    0   0M
      11        0       0       0      30      4      0      0       0    0   0M
      15        0       0       0      49      6      0      0       0    0   0M
      11        0       0       0      47      6      0      0       0    0   0M
      13        0       0       0      18      2      0      0       0    0   0M
      13        0       0       0      28      3      0      0       0    0   0M
      14        0       0       0      49      5      0      0       0    0   0M
       6        0       0       0      16      2      0      0       0    0   0M
      10        0       0       0      19      2      0      0       0    0   0M
       7        0       0       0      35      3      0      0       0    0   0M
      10        0       0       0      25      2      0      0       0    0   0M
      10        0       0       0      54      8      0      0       0    0   0M
      11        0       0       0      37      4      0      0       0    0   0M
      11        0       0       0      39      5      0      0       0    0   0M
       9        0       0       0      48      6      0      0       0    0   0M
       6        0       0       0      27      3      0      0       0    0   0M
       8        0       0       0      22      2      0      0       0    0   0M
       9        0       0       0      36      4      0      0       0    0   0M
      18        0       0       0      49      7      0      0       0    0   0M
       9        0       0       0      56      7      0      0       0    0   0M
      14        0       0       0      56      7      0      0       0    0   0M
      13        0       0       0      55      6      0      0       0    0   0M
       6        0       0       0      56      7      0      0       0    0   0M
       5        0       0       0       2      1      0      0       0    0   0M
      13        0       0       0      12      1      0      0       0    0   0M
      11        0       0       0      54      7      0      0       0    0   0M
       9        0       0       0      29      4      0      0       0    0   0M
      14        0       0       0      57      8      0      0       0    0   0M
       7        0       0       0      53      7      0      0       0    0   0M
      11        0       0       0       4      0      0      0       0    0   0M
      14        0       0       0      24      2      0      0       0    0   0M
       9        0       0       0      42      6      0      0       0    0   0M
      10        0       0       0      60      8      0      0       0    0   0M
      15        0       0       0      48      7      0      0       0    0   0M
       9        0       0       0      28      3      0      0       0    0   0M
      11        0       0       0      18      1      0      0       0    0   0M
       9        0       0       0      38      4      0      0       0    0   0M
      10        0       0       0      17      1      0      0       0    0   0M
       8        0       0       0      37      5      0      0       0    0   0M
      20        0       0       0      31      2      0      0       0    0   0M
      11        0       0       0      10      0      0      0       0    0   0M
      14        0       0       0      48      7      0      0       0    0   0M
       5        0       0       0      54      8      0      0       0    0   0M
       9        0       0       0      45      5      0      0       0    0   0M
      13        0       0       0      45      5      0      0       0    0   0M
       9        0       0       0      57      8      0      0       0    0   0M
      18        0       0       0      57      8      0      0       0    0   0M
      11        0       0       0      38      4      0      0       0    0   0M
       7        0       0       0      26      2      0      0       0    0   0M
      10        0       0       0      16      1      0      0       0    0   0M
      16        0       0       0      23      1      0      0       0    0   0M
      10        0       0       0      54      7      0      0       0    0   0M
      13        0       0       0      58      8      0      0       0    0   0M
      13        0       0       0      30      4      0      0       0    0   0M
      10        0       0       0      29      3      0      0       0    0   0M
      13        0       0       0      12      0      0      0       0    0   0M
       7        0       0       0      37      4      0      0       0    0   0M
      12        0       0       0      58      8      0      0       0    0   0M
      10        0       0       0      56      7      0      0       0    0   0M
      12        0       0       0      56      7      0      0       0    0   0M
       9        0       0       0      55      7      0      0       0    0   0M
      11        0       0       0      47      5      0      0       0    0   0M
       9        0       0       0      48      7      0      0       0    0   0M
       8        0       0       0      26      3      0      0       0    0   0M
