       0        0       0       0       0      0      0      0       0    0   0M
       3        3       0       0       0      0      0      0       0    0   0M
       0        1       0       0       0      0      0      0       0    0   0M
       0        0       0       0       0      0      0      0       0    0   0M
       5        0       0       0       2      0      0      0       0    0   0M
       8        0       0       0       7      0      0      0       0    0   0M
       9        0       0       0      39      5      0      0       0    0   0M
      10        0       0       0      30      2      0      0       0    0   0M
      10        0       0       0      42      4      0      0       0    0   0M
      13        0       0       0      30      2      0      0       0    0   0M
      12        0       0       0      24      2      0      0       0    0   0M
       7        0       0       0      25      2      0      0       0    0   0M
      12        0       0       0      44      5      0      0       0    0   0M
       9        0       0       0      29      2      0      0       0    0   0M
      10        0       0       0      56      8      0      0       0    0   0M
      13        0       0       0      57      6      0      0       0    0   0M
      16        0       0       0      55      7      0      0       0    0   0M
      12        0       0       0      56      8      0      0       0    0   0M
       9        0       0       0      14      1      0      0       0    0   0M
      20        0       0       0      54      7      0      0       0    0   0M
       8        0       0       0      58      9      0      0       0    0   0M
      12        0       0       0      51      5      0      0       0    0   0M
      12        0       0       0      38      6      0      0       0    0   0M
      14        0       0       0      47      6      0      0       0    0   0M
      11        0       0       0      40      4      0      0       0    0   0M
       8        0       0       0      13      2      0      0       0    0   0M
       9        0       0       0      18      2      0      0       0    0   0M
      11        0       0       0      50      5      0      0       0    0   0M
       8        0       0       0      48      6      0      0       0    0   0M
      13        0       0       0      41      3      0      0       0    0   0M
      20        0       0       0      33      3      0      0       0    0   0M
       9        0       0       0      43      4      0      0       0    0   0M
       9        0       0       0      36      5      0      0       0    0   0M
       6        0       0       0      59      8      0      0       0    0   0M
       8        0       0       0      26      3      0      0       0    0   0M
       7        0       0       0      14      2      0      0       0    0   0M
      10        0       0       0      54      7      0      0       0    0   0M
      12        0       0       0      57      8      0      0       0    0   0M
      11        0       0       0      54      7      0      0       0    0   0M
      13        0       0       0      37      5      0      0       0    0   0M
       9        0       0       0      35      4      0      0       0    0   0M
      16        0       0       0      52      7      0      0       0    0   0M
       8        0       0       0      47      6      0      0       0    0   0M
       4        0       0       0      15      1      0      0       0    0   0M
      14        0       0       0      39      4      0      0       0    0   0M
      14        0       0       0      57      7      0      0       0    0   0M
      10        0       0       0      16      1      0      0       0    0   0M
      12        0       0       0      22      2      0      0       0    0   0M
      10        0       0       0      44      6      0      0       0    0   0M
      11        0       0       0      39      4      0      0       0    0   0M
      12        0       0       0      58      8      0      0       0    0   0M
       4        0       0       0      35      5      0      0       0    0   0M
       9        0       0       0      46      5      0      0       0    0   0M
       9        0       0       0      54      8      0      0       0    0   0M
      10        0       0       0      29      4      0      0       0    0   0M
      10        0       0       0      43      4      0      0       0    0   0M
      12        0       0       0      52      7      0      0       0    0   0M
       9        0       0       0      48      6      0      0       0    0   0M
      11        0       0       0      57      7      0      0       0    0   0M
      11        0       0       0      57      8      0      0       0    0   0M
      11        0       0       0      56      6      0      0       0    0   0M
      12        0       0       0      55      7      0      0       0    0   0M
       9        0       0       0       5      0      0      0       0    0   0M
      12        0       0       0      16      1      0      0       0    0   0M
      15        0       0       0      42      5      0      0       0    0   0M
       7        0       0       0      33      4      0      0       0    0   0M
      11        0       0       0      55      7      0      0       0    0   0M
      14        0       0       0      48      6      0      0       0    0   0M
       7        0       0       0       3      0      0      0       0    0   0M
      12        0       0       0      24      2      0      0       0    0   0M
      11        0       0       0      45      6      0      0       0    0   0M
      11        0       0       0      55      7      0      0       0    0   0M
       6        0       0       0      51      6      0      0       0    0   0M
      12        0       0       0      41      4      0      0       0    0   0M
      10        0       0       0      16      0      0      0       0    0   0M
       9        0       0       0      39      4      0      0       0    0   0M
       6        0       0       0      22      2      0      0       0    0   0M
      16        0       0       0      38      4      0      0       0    0   0M
       8        0       0       0      26      3      0      0       0    0   0M
      11        0       0       0      19      1      0      0       0    0   0M
      12        0       0       0      52      8      0      0       0    0   0M
       8        0       0       0      58      8      0      0       0    0   0M
       6        0       0       0      47      7      0      0       0    0   0M
      17        0       0       0      39      4      0      0       0    0   0M
      13        0       0       0      56      8      0      0       0    0   0M
      14        0       0       0      55      8      0      0       0    0   0M
      10        0       0       0      27      2      0      0       0    0   0M
      12        0       0       0      23      3      0      0       0    0   0M
      11        0       0       0      15      1      0      0       0    0   0M
      10        0       0       0      25      2      0      0       0    0   0M
       9        0       0       0      56      8      0      0       0    0   0M
      13        0       0       0      53      5      0      0       0    0   0M
       9        0       0       0      30      4      0      0       0    0   0M
      10        0       0       0      30      2      0      0       0    0   0M
       8        0       0       0      13      1      0      0       0    0   0M
      13        0       0       0      48      5      0      0       0    0   0M
      11        0       0       0      57      8      0      0       0    0   0M
      15        0       0       0      56      7      0      0       0    0   0M
      12        0       0       0      55      7      0      0       0    0   0M
       9        0       0       0      55      7      0      0       0    0   0M
      12        0       0       0      47      6      0      0       0    0   0M
      16        0       0       0      51      6      0      0       0    0   0M
       8        0       0       0      36      4      0      0       0    0   0M
