       0        0       0       0       0      0      0      0       0    0   0M
       3        4       0       0       0      0      1      0       0    0   0M
       0        0       0       0       0      0      0      0       0    0   0M
       0        0       0       0       0      0      0      0       0    0   0M
       5        0       0       0       3      0      0      0       0    0   0M
       9        0       0       0      30      2      0      0       0    0   0M
       8        0       0       0      56      8      0      0       0    0   0M
       8        0       0       0      26      3      0      0       0    0   0M
      16        0       0       0      36      3      0      0       0    0   0M
      10        0       0       0      27      3      0      0       0    0   0M
       8        0       0       0      19      2      0      0       0    0   0M
      11        0       0       0      34      4      0      0       0    0   0M
      11        0       0       0      47      6      0      0       0    0   0M
       5        0       0       0      29      4      0      0       0    0   0M
      11        0       0       0      59      9      0      0       0    0   0M
      12        0       0       0      56      7      0      0       0    0   0M
       8        0       0       0      57      8      0      0       0    0   0M
      12        0       0       0      57      8      0      0       0    0   0M
      10        0       0       0      15      0      0      0       0    0   0M
      10        0       0       0      55      7      0      0       0    0   0M
       9        0       0       0      60      9      0      0       0    0   0M
      13        0       0       0      46      5      0      0       0    0   0M
       4        0       0       0      34      5      0      0       0    0   0M
      15        0       0       0      50      6      0      0       0    0   0M
      20        0       0       0      37      4      0      0       0    0   0M
       6        0       0       0      15      1      0      0       0    0   0M
       7        0       0       0      29      3      0      0       0    0   0M
      12        0       0       0      56      8      0      0       0    0   0M
       9        0       0       0      50      7      0      0       0    0   0M
      10        0       0       0      46      5      0      0       0    0   0M
       8        0       0       0      26      2      0      0       0    0   0M
       9        0       0       0      53      7      0      0       0    0   0M
      13        0       0       0      57      8      0      0       0    0   0M
       9        0       0       0      58      7      0      0       0    0   0M
       9        0       0       0      38      5      0      0       0    0   0M
       6        0       0       0      27      3      0      0       0    0   0M
      13        0       0       0      58      8      0      0       0    0   0M
      12        0       0       0      58      7      0      0       0    0   0M
      13        0       0       0      50      6      0      0       0    0   0M
      11        0       0       0      34      4      0      0       0    0   0M
       9        0       0       0      41      5      0      0       0    0   0M
      11        0       0       0      50      7      0      0       0    0   0M
      13        0       0       0      35      2      0      0       0    0   0M
      11        0       0       0      35      3      0      0       0    0   0M
      10        0       0       0      40      4      0      0       0    0   0M
      12        0       0       0      54      8      0      0       0    0   0M
       5        0       0       0      17      1      0      0       0    0   0M
       9        0       0       0      28      3      0      0       0    0   0M
      11        0       0       0      52      7      0      0       0    0   0M
      10        0       0       0      41      5      0      0       0    0   0M
      14        0       0       0      57      8      0      0       0    0   0M
       5        0       0       0      39      5      0      0       0    0   0M
      10        0       0       0      53      8      0      0       0    0   0M
       9        0       0       0      57      7      0      0       0    0   0M
      11        0       0       0      34      4      0      0       0    0   0M
       6        0       0       0      48      6      0      0       0    0   0M
      16        0       0       0      56      8      0      0       0    0   0M
      11        0       0       0      39      5      0      0       0    0   0M
      11        0       0       0      58      8      0      0       0    0   0M
      16        0       0       0      57      8      0      0       0    0   0M
      12        0       0       0      57      9      0      0       0    0   0M
       8        0       0       0      54      7      0      0       0    0   0M
       9        0       0       0       5      1      0      0       0    0   0M
      10        0       0       0      26      2      0      0       0    0   0M
      13        0       0       0      34      4      0      0       0    0   0M
      11        0       0       0      45      6      0      0       0    0   0M
      10        0       0       0      58      8      0      0       0    0   0M
       9        0       0       0      41      6      0      0       0    0   0M
      11        0       0       0       8      0      0      0       0    0   0M
       9        0       0       0      37      5      0      0       0    0   0M
      12        0       0       0      35      4      0      0       0    0   0M
      17        0       0       0      55      7      0      0       0    0   0M
       8        0       0       0      53      7      0      0       0    0   0M
      11        0       0       0      47      4      0      0       0    0   0M
      11        0       0       0      12      0      0      0       0    0   0M
      13        0       0       0      40      4      0      0       0    0   0M
      14        0       0       0      54      7      0      0       0    0   0M
      13        0       0       0      28      2      0      0       0    0   0M
       9        0       0       0      36      5      0      0       0    0   0M
      12        0       0       0      22      2      0      0       0    0   0M
       8        0       0       0      51      7      0      0       0    0   0M
      11        0       0       0      59      8      0      0       0    0   0M
      10        0       0       0      56      7      0      0       0    0   0M
       9        0       0       0      48      6      0      0       0    0   0M
      12        0       0       0      58      8      0      0       0    0   0M
      12        0       0       0      46      6      0      0       0    0   0M
       9        0       0       0      28      3      0      0       0    0   0M
      11        0       0       0      31      4      0      0       0    0   0M
      12        0       0       0      27      3      0      0       0    0   0M
      14        0       0       0      25      3      0      0       0    0   0M
      11        0       0       0      56      7      0      0       0    0   0M
       9        0       0       0      49      6      0      0       0    0   0M
      10        0       0       0      38      5      0      0       0    0   0M
      12        0       0       0      30      3      0      0       0    0   0M
      10        0       0       0      11      0      0      0       0    0   0M
      13        0       0       0      47      5      0      0       0    0   0M
      12        0       0       0      55      8      0      0       0    0   0M
       9        0       0       0      55      6      0      0       0    0   0M
       6        0       0       0      56      8      0      0       0    0   0M
      11        0       0       0      56      8      0      0       0    0   0M
      11        0       0       0      44      4      0      0       0    0   0M
      10        0       0       0      41      5      0      0       0    0   0M
      13        0       0       0      39      5      0      0       0    0   0M
