       0        0       0       0       0      0      0      0       0    0   0M
       3        4       0       0       0      0      0      0       0    0   0M
       0        0       0       0       0      0      0      0       0    0   0M
       0        0       0       0       0      0      0      0       0    0   0M
      28        0       0       0       0      0      0      0       0    0   0M
      59        0       0       0       0      0      0      0       0    0   0M
      56        0       0       0       0      0      0      0       0    0   0M
      62        0       0       0       0      0      0      0       0    0   0M
      54        0       0       0       0      0      0      0       0    0   0M
      59        0       0       0       0      0      0      0       0    0   0M
      59        0       0       0       0      0      0      0       0    0   0M
      55        0       0       0       0      0      0      0       0    0   0M
      56        0       0       0       0      0      0      0       0    0   0M
      58        0       0       0       0      0      0      0       0    0   0M
      54        0       0       0       0      0      0      0       0    0   0M
      54        0       0       0       0      0      0      0       0    0   0M
      59        0       0       0       0      0      0      0       0    0   0M
      60        0       0       0       0      0      0      0       0    0   0M
      58        0       0       0       0      0      0      0       0    0   0M
      59        0       0       0       0      0      0      0       0    0   0M
      57        0       0       0       0      0      0      0       0    0   0M
      56        0       0       0       0      0      0      0       0    0   0M
      55        0       0       0       0      0      0      0       0    0   0M
      56        0       0       0       0      0      0      0       0    0   0M
      57        0       0       0       0      0      0      0       0    0   0M
      56        0       0       0       0      0      0      0       0    0   0M
      52        0       0       0       0      0      0      0       0    0   0M
      56        0       0       0       0      0      0      0       0    0   0M
      56        0       0       0       0      0      0      0       0    0   0M
      57        0       0       0       0      0      0      0       0    0   0M
      60        0       0       0       0      0      0      0       0    0   0M
      56        0       0       0       0      0      0      0       0    0   0M
      55        0       0       0       0      0      0      0       0    0   0M
      59        0       0       0       0      0      0      0       0    0   0M
      54        0       0       0       0      0      0      0       0    0   0M
      53        0       0       0       0      0      0      0       0    0   0M
      60        0       0       0       0      0      0      0       0    0   0M
      61        0       0       0       0      0      0      0       0    0   0M
      56        0       0       0       0      0      0      0       0    0   0M
      54        0       0       0       0      0      0      0       0    0   0M
      55        0       0       0       0      0      0      0       0    0   0M
      54        0       0       0       0      0      0      0       0    0   0M
      53        0       0       0       0      0      0      0       0    0   0M
      57        0       0       0       0      0      0      0       0    0   0M
      58        0       0       0       0      0      0      0       0    0   0M
      60        0       0       0       0      0      0      0       0    0   0M
      58        0       0       0       0      0      0      0       0    0   0M
      62        0       0       0       0      0      0      0       0    0   0M
      58        0       0       0       0      0      0      0       0    0   0M
      58        0       0       0       0      0      0      0       0    0   0M
      52        0       0       0       0      0      0      0       0    0   0M
      57        0       0       0       0      0      0      0       0    0   0M
      54        0       0       0       0      0      0      0       0    0   0M
      57        0       0       0       0      0      0      0       0    0   0M
      59        0       0       0       0      0      0      0       0    0   0M
      59        0       0       0       0      0      0      0       0    0   0M
      53        0       0       0       0      0      0      0       0    0   0M
      59        0       0       0       0      0      0      0       0    0   0M
      56        0       0       0       0      0      0      0       0    0   0M
      60        0       0       0       0      0      0      0       0    0   0M
      54        0       0       0       0      0      0      0       0    0   0M
      58        0       0       0       0      0      0      0       0    0   0M
      60        0       0       0       0      0      0      0       0    0   0M
      56        0       0       0       0      0      0      0       0    0   0M
      56        0       0       0       0      0      0      0       0    0   0M
      57        0       0       0       0      0      0      0       0    0   0M
      56        0       0       0       0      0      0      0       0    0   0M
      59        0       0       0       0      0      0      0       0    0   0M
      60        0       0       0       0      0      0      0       0    0   0M
      60        0       0       0       0      0      0      0       0    0   0M
      58        0       0       0       0      0      0      0       0    0   0M
      57        0       0       0       0      0      0      0       0    0   0M
      61        0       0       0       0      0      0      0       0    0   0M
      56        0       0       0       0      0      0      0       0    0   0M
      54        0       0       0       0      0      0      0       0    0   0M
      54        0       0       0       0      0      0      0       0    0   0M
      57        0       0       0       0      0      0      0       0    0   0M
      54        0       0       0       0      0      0      0       0    0   0M
      55        0       0       0       0      0      0      0       0    0   0M
      57        0       0       0       0      0      0      0       0    0   0M
      55        0       0       0       0      0      0      0       0    0   0M
      57        0       0       0       0      0      0      0       0    0   0M
      55        0       0       0       0      0      0      0       0    0   0M
      53        0       0       0       0      0      0      0       0    0   0M
      61        0       0       0       0      0      0      0       0    0   0M
      58        0       0       0       0      0      0      0       0    0   0M
      58        0       0       0       0      0      0      0       0    0   0M
      56        0       0       0       0      0      0      0       0    0   0M
      56        0       0       0       0      0      0      0       0    0   0M
      55        0       0       0       0      0      0      0       0    0   0M
      60        0       0       0       0      0      0      0       0    0   0M
      54        0       0       0       0      0      0      0       0    0   0M
      58        0       0       0       0      0      0      0       0    0   0M
      59        0       0       0       0      0      0      0       0    0   0M
      55        0       0       0       0      0      0      0       0    0   0M
      59        0       0       0       0      0      0      0       0    0   0M
      52        0       0       0       0      0      0      0       0    0   0M
      61        0       0       0       0      0      0      0       0    0   0M
      60        0       0       0       0      0      0      0       0    0   0M
      58        0       0       0       0      0      0      0       0    0   0M
      57        0       0       0       0      0      0      0       0    0   0M
      55        0       0       0       0      0      0      0       0    0   0M
      54        0       0       0       0      0      0      0       0    0   0M
