       0        0       0       0       0      0      0      0       0    0   0M
       1        0       0       0       0      0      0      0       0    0   0M
       3        3       0       0       0      0      0      0       0    0   0M
       0        1       0       0       0      0      0      0       0    0   0M
       5        0       0       0       0      0      0      0       0    0   0M
      12        0       0       0      13      1      0      0       0    0   0M
      14        0       0       0      16      1      0      0       0    0   0M
      10        0       0       0      25      3      0      0       0    0   0M
       8        0       0       0      22      3      0      0       0    0   0M
      10        0       0       0      43      5      0      0       0    0   0M
       9        0       0       0       4      0      0      0       0    0   0M
      12        0       0       0      16      0      0      0       0    0   0M
      10        0       0       0      17      1      0      0       0    0   0M
       8        0       0       0      30      4      0      0       0    0   0M
      14        0       0       0      61      8      0      0       0    0   0M
      10        0       0       0      58      9      0      0       0    0   0M
       8        0       0       0      41      5      0      0       0    0   0M
      10        0       0       0      56      8      0      0       0    0   0M
      12        0       0       0      45      6      0      0       0    0   0M
       9        0       0       0      12      1      0      0       0    0   0M
       9        0       0       0      31      3      0      0       0    0   0M
      10        0       0       0      42      4      0      0       0    0   0M
      10        0       0       0      40      5      0      0       0    0   0M
       6        0       0       0      24      3      0      0       0    0   0M
      12        0       0       0      41      5      0      0       0    0   0M
      10        0       0       0      22      2      0      0       0    0   0M
      13        0       0       0       9      1      0      0       0    0   0M
      11        0       0       0      43      6      0      0       0    0   0M
      12        0       0       0      39      4      0      0       0    0   0M
       8        0       0       0      50      6      0      0       0    0   0M
      11        0       0       0      42      4      0      0       0    0   0M
      12        0       0       0      21      2      0      0       0    0   0M
      16        0       0       0      27      3      0      0       0    0   0M
       9        0       0       0      59      8      0      0       0    0   0M
       9        0       0       0      43      5      0      0       0    0   0M
      10        0       0       0      13      1      0      0       0    0   0M
      12        0       0       0      30      3      0      0       0    0   0M
       9        0       0       0      46      6      0      0       0    0   0M
       6        0       0       0      46      6      0      0       0    0   0M
      13        0       0       0      58      7      0      0       0    0   0M
       8        0       0       0      24      2      0      0       0    0   0M
       7        0       0       0      31      4      0      0       0    0   0M
      11        0       0       0      40      5      0      0       0    0   0M
       8        0       0       0      12      1      0      0       0    0   0M
      14        0       0       0      32      2      0      0       0    0   0M
      12        0       0       0      48      7      0      0       0    0   0M
       9        0       0       0      28      3      0      0       0    0   0M
      12        0       0       0      10      0      0      0       0    0   0M
      11        0       0       0      35      4      0      0       0    0   0M
       6        0       0       0       3      0      0      0       0    0   0M
      11        0       0       0      49      5      0      0       0    0   0M
      17        0       0       0      51      6      0      0       0    0   0M
      10        0       0       0      28      3      0      0       0    0   0M
      10        0       0       0      15      0      0      0       0    0   0M
      13        0       0       0      37      3      0      0       0    0   0M
      14        0       0       0       0      0      0      0       0    0   0M
      14        0       0       0      10      0      0      0       0    0   0M
      11        0       0       0      37      4      0      0       0    0   0M
      12        0       0       0      40      4      0      0       0    0   0M
      11        0       0       0      54      8      0      0       0    0   0M
       9        0       0       0      57      7      0      0       0    0   0M
      13        0       0       0      57      8      0      0       0    0   0M
       9        0       0       0      15      1      0      0       0    0   0M
       9        0       0       0       2      0      0      0       0    0   0M
       9        0       0       0      43      5      0      0       0    0   0M
       7        0       0       0      28      3      0      0       0    0   0M
      14        0       0       0      55      7      0      0       0    0   0M
      13        0       0       0      58      8      0      0       0    0   0M
       9        0       0       0      12      1      0      0       0    0   0M
      10        0       0       0      22      2      0      0       0    0   0M
       9        0       0       0      14      1      0      0       0    0   0M
      14        0       0       0      50      6      0      0       0    0   0M
       9        0       0       0      59      9      0      0       0    0   0M
      10        0       0       0      20      2      0      0       0    0   0M
       6        0       0       0      14      0      0      0       0    0   0M
       8        0       0       0      29      3      0      0       0    0   0M
      10        0       0       0      28      3      0      0       0    0   0M
       9        0       0       0      30      4      0      0       0    0   0M
       5        0       0       0      16      2      0      0       0    0   0M
       9        0       0       0      14      1      0      0       0    0   0M
      12        0       0       0      40      4      0      0       0    0   0M
       5        0       0       0      47      6      0      0       0    0   0M
       7        0       0       0      32      4      0      0       0    0   0M
      11        0       0       0      44      5      0      0       0    0   0M
      17        0       0       0      55      7      0      0       0    0   0M
      12        0       0       0      57      8      0      0       0    0   0M
      10        0       0       0      53      7      0      0       0    0   0M
      10        0       0       0      24      2      0      0       0    0   0M
      16        0       0       0      25      2      0      0       0    0   0M
      10        0       0       0      26      4      0      0       0    0   0M
      10        0       0       0      41      5      0      0       0    0   0M
      10        0       0       0      58      8      0      0       0    0   0M
       7        0       0       0      26      4      0      0       0    0   0M
       6        0       0       0       3      0      0      0       0    0   0M
       9        0       0       0      13      1      0      0       0    0   0M
       8        0       0       0      23      2      0      0       0    0   0M
      11        0       0       0      44      6      0      0       0    0   0M
       9        0       0       0      45      6      0      0       0    0   0M
      11        0       0       0      54      7      0      0       0    0   0M
       7        0       0       0      56      8      0      0       0    0   0M
      10        0       0       0      60      9      0      0       0    0   0M
       8        0       0       0      47      5      0      0       0    0   0M
      10        0       0       0      13      1      0      0       0    0   0M
