       0        0       0       0       0      0      0      0       0    0   0M
       3        3       0       0       3      0      0      0       0    0   0M
       0        0       0       0       0      0      0      0       0    0   0M
       0        0       0       0       0      0      0      0       0    0   0M
       0       33       0       0       0      0      0      0       0    0   0M
       0       70       0       0       0      0      0      0       0    0   0M
       0       68       0       0       0      0      0      0       0    0   0M
       0       69       0       0       0      0      0      0       0    0   0M
       0       67       0       0       0      0      0      0       0    0   0M
       0       69       0       0       0      0      0      0       0    0   0M
       0       66       0       0       0      0      0      0       0    0   0M
       0       69       0       0       0      0      0      0       0    0   0M
       0       68       0       0       0      0      0      0       0    0   0M
       0       69       0       0       0      0      0      0       0    0   0M
       0       65       0       0       0      0      0      0       0    0   0M
       0       65       0       0       0      0      0      0       0    0   0M
       0       68       0       0       0      0      0      0       0    0   0M
       0       66       0       0       0      0      0      0       0    0   0M
       0       69       0       0       0      0      0      0       0    0   0M
       0       69       0       0       0      0      0      0       0    0   0M
       0       68       0       0       0      0      0      0       0    0   0M
       0       70       0       0       0      0      0      0       0    0   0M
       0       67       0       0       0      0      0      0       0    0   0M
       0       69       0       0       0      0      0      0       0    0   0M
       0       67       0       0       0      0      0      0       0    0   0M
       0       70       0       0       0      0      0      0       0    0   0M
       0       68       0       0       0      0      0      0       0    0   0M
       0       67       0       0       0      0      0      0       0    0   0M
       0       68       0       0       0      0      0      0       0    0   0M
       0       68       0       0       0      0      0      0       0    0   0M
       0       66       0       0       0      0      0      0       0    0   0M
       0       68       0       0       0      0      0      0       0    0   0M
       0       67       0       0       0      0      0      0       0    0   0M
       0       70       0       0       0      0      0      0       0    0   0M
       0       67       0       0       0      0      0      0       0    0   0M
       0       66       0       0       0      0      0      0       0    0   0M
       0       69       0       0       0      0      0      0       0    0   0M
       0       68       0       0       0      0      0      0       0    0   0M
       0       67       0       0       0      0      0      0       0    0   0M
       0       68       0       0       0      0      0      0       0    0   0M
       0       69       0       0       0      0      0      0       0    0   0M
       0       68       0       0       0      0      0      0       0    0   0M
       0       68       0       0       0      0      0      0       0    0   0M
       0       67       0       0       0      0      0      0       0    0   0M
       0       69       0       0       0      0      0      0       0    0   0M
       0       69       0       0       0      0      0      0       0    0   0M
       0       66       0       0       0      0      0      0       0    0   0M
       0       69       0       0       0      0      0      0       0    0   0M
       0       70       0       0       0      0      0      0       0    0   0M
       0       67       0       0       0      0      0      0       0    0   0M
       0       70       0       0       0      0      0      0       0    0   0M
       0       67       0       0       0      0      0      0       0    0   0M
       0       68       0       0       0      0      0      0       0    0   0M
       0       69       0       0       0      0      0      0       0    0   0M
       0       68       0       0       0      0      0      0       0    0   0M
       0       68       0       0       0      0      0      0       0    0   0M
       0       67       0       0       0      0      0      0       0    0   0M
       0       68       0       0       0      0      0      0       0    0   0M
       0       70       0       0       0      0      0      0       0    0   0M
       0       69       0       0       0      0      0      0       0    0   0M
       0       70       0       0       0      0      0      0       0    0   0M
       0       67       0       0       0      0      0      0       0    0   0M
       0       67       0       0       0      0      0      0       0    0   0M
       0       68       0       0       0      0      0      0       0    0   0M
       0       69       0       0       0      0      0      0       0    0   0M
       0       70       0       0       0      0      0      0       0    0   0M
       0       66       0       0       0      0      0      0       0    0   0M
       0       68       0       0       0      0      0      0       0    0   0M
       0       69       0       0       0      0      0      0       0    0   0M
       0       68       0       0       0      0      0      0       0    0   0M
       0       66       0       0       0      0      0      0       0    0   0M
       0       67       0       0       0      0      0      0       0    0   0M
       0       69       0       0       0      0      0      0       0    0   0M
       0       69       0       0       0      0      0      0       0    0   0M
       0       68       0       0       0      0      0      0       0    0   0M
       0       69       0       0       0      0      0      0       0    0   0M
       0       70       0       0       0      0      0      0       0    0   0M
       0       70       0       0       0      0      0      0       0    0   0M
       0       65       0       0       0      0      0      0       0    0   0M
       0       67       0       0       0      0      0      0       0    0   0M
       0       67       0       0       0      0      0      0       0    0   0M
       0       69       0       0       0      0      0      0       0    0   0M
       0       69       0       0       0      0      0      0       0    0   0M
       0       70       0       0       0      0      0      0       0    0   0M
       0       68       0       0       0      0      0      0       0    0   0M
       0       67       0       0       0      0      0      0       0    0   0M
       0       70       0       0       0      0      0      0       0    0   0M
       0       67       0       0       0      0      0      0       0    0   0M
       0       68       0       0       0      0      0      0       0    0   0M
       0       68       0       0       0      0      0      0       0    0   0M
       0       69       0       0       0      0      0      0       0    0   0M
       0       69       0       0       0      0      0      0       0    0   0M
       0       71       0       0       0      0      0      0       0    0   0M
       0       70       0       0       0      0      0      0       0    0   0M
       0       67       0       0       0      0      0      0       0    0   0M
       0       71       0       0       0      0      0      0       0    0   0M
       0       67       0       0       0      0      0      0       0    0   0M
       0       69       0       0       0      0      0      0       0    0   0M
       0       67       0       0       0      0      0      0       0    0   0M
       0       67       0       0       0      0      0      0       0    0   0M
       0       70       0       0       0      0      0      0       0    0   0M
       0       66       0       0       0      0      0      0       0    0   0M
       0       69       0       0       0      0      0      0       0    0   0M
