       0        0       0       0       0      0      0      0       0    0   0M
       1        1       0       0       0      0      0      0       0    0   0M
       3        4       0       0       0      0      0      0       0    0   0M
       0        0       0       0       0      0      0      0       0    0   0M
       6        0       0       0      12      1      0      0       0    0   0M
       7        0       0       0      51      7      0      0       0    0   0M
      10        0       0       0      58      8      0      0       0    0   0M
      12        0       0       0      56      7      0      0       0    0   0M
      16        0       0       0      54      6      0      0       0    0   0M
      11        0       0       0      54      6      0      0       0    0   0M
      12        0       0       0      56      7      0      0       0    0   0M
      15        0       0       0      52      6      0      0       0    0   0M
      11        0       0       0      58      8      0      0       0    0   0M
       9        0       0       0      57      7      0      0       0    0   0M
      11        0       0       0      56      8      0      0       0    0   0M
       5        0       0       0      45      6      0      0       0    0   0M
       8        0       0       0      47      6      0      0       0    0   0M
      12        0       0       0      13      1      0      0       0    0   0M
       9        0       0       0      52      7      0      0       0    0   0M
       8        0       0       0      41      5      0      0       0    0   0M
      10        0       0       0      56      8      0      0       0    0   0M
      11        0       0       0      52      7      0      0       0    0   0M
       9        0       0       0      40      5      0      0       0    0   0M
       9        0       0       0      58      8      0      0       0    0   0M
      10        0       0       0      51      6      0      0       0    0   0M
      10        0       0       0      57      9      0      0       0    0   0M
      12        0       0       0      59      8      0      0       0    0   0M
      11        0       0       0      60      8      0      0       0    0   0M
      12        0       0       0      57      8      0      0       0    0   0M
       9        0       0       0      60      8      0      0       0    0   0M
      10        0       0       0      60      8      0      0       0    0   0M
       7        0       0       0      55      8      0      0       0    0   0M
      10        0       0       0      58      7      0      0       0    0   0M
       5        0       0       0      15      3      0      0       0    0   0M
       8        0       0       0      35      4      0      0       0    0   0M
      15        0       0       0      35      4      0      0       0    0   0M
      11        0       0       0      58      8      0      0       0    0   0M
       7        0       0       0      50      6      0      0       0    0   0M
       9        0       0       0      45      5      0      0       0    0   0M
      15        0       0       0      51      7      0      0       0    0   0M
       9        0       0       0      38      2      0      0       0    0   0M
       8        0       0       0      55      7      0      0       0    0   0M
      15        0       0       0      55      7      0      0       0    0   0M
      10        0       0       0      55      7      0      0       0    0   0M
      17        0       0       0      55      8      0      0       0    0   0M
      14        0       0       0      57      7      0      0       0    0   0M
       8        0       0       0      32      3      0      0       0    0   0M
      10        0       0       0      55      7      0      0       0    0   0M
       9        0       0       0      57      7      0      0       0    0   0M
      13        0       0       0      58      8      0      0       0    0   0M
       8        0       0       0      57      8      0      0       0    0   0M
      11        0       0       0      54      7      0      0       0    0   0M
       8        0       0       0      58      7      0      0       0    0   0M
      14        0       0       0      54      7      0      0       0    0   0M
      10        0       0       0      56      8      0      0       0    0   0M
      13        0       0       0      57      7      0      0       0    0   0M
      11        0       0       0      55      8      0      0       0    0   0M
       9        0       0       0      57      8      0      0       0    0   0M
      12        0       0       0      34      4      0      0       0    0   0M
       9        0       0       0      54      7      0      0       0    0   0M
      10        0       0       0      51      6      0      0       0    0   0M
       8        0       0       0      58      8      0      0       0    0   0M
      11        0       0       0      43      5      0      0       0    0   0M
      15        0       0       0      56      8      0      0       0    0   0M
      14        0       0       0      57      8      0      0       0    0   0M
      15        0       0       0      60      9      0      0       0    0   0M
      11        0       0       0      50      6      0      0       0    0   0M
       9        0       0       0      38      5      0      0       0    0   0M
       9        0       0       0      56      6      0      0       0    0   0M
      10        0       0       0      52      7      0      0       0    0   0M
      12        0       0       0      57      8      0      0       0    0   0M
      14        0       0       0      60      9      0      0       0    0   0M
       7        0       0       0      58      8      0      0       0    0   0M
       7        0       0       0      41      5      0      0       0    0   0M
      14        0       0       0      59      8      0      0       0    0   0M
      17        0       0       0      54      7      0      0       0    0   0M
      14        0       0       0      56      8      0      0       0    0   0M
      10        0       0       0      54      6      0      0       0    0   0M
      13        0       0       0      55      7      0      0       0    0   0M
      16        0       0       0      52      7      0      0       0    0   0M
      13        0       0       0      59      7      0      0       0    0   0M
      12        0       0       0      57      9      0      0       0    0   0M
      10        0       0       0      57      8      0      0       0    0   0M
      10        0       0       0      51      7      0      0       0    0   0M
       7        0       0       0      39      4      0      0       0    0   0M
      14        0       0       0      57      8      0      0       0    0   0M
       9        0       0       0      51      3      0      0       0    0   0M
       8        0       0       0      58      7      0      0       0    0   0M
       9        0       0       0      54      8      0      0       0    0   0M
       4        0       0       0      35      5      0      0       0    0   0M
       9        0       0       0      45      6      0      0       0    0   0M
       8        0       0       0      53      7      0      0       0    0   0M
      15        0       0       0      56      8      0      0       0    0   0M
       9        0       0       0      57      8      0      0       0    0   0M
       6        0       0       0      58      8      0      0       0    0   0M
      17        0       0       0      58      8      0      0       0    0   0M
       8        0       0       0      55      7      0      0       0    0   0M
      16        0       0       0      54      7      0      0       0    0   0M
      11        0       0       0      57      7      0      0       0    0   0M
      13        0       0       0      46      5      0      0       0    0   0M
      15        0       0       0      47      6      0      0       0    0   0M
      11        0       0       0      53      6      0      0       0    0   0M
      10        0       0       0      34      4      0      0       0    0   0M
