       0        0       0       0       0      0      0      0       0    0   0M
       3        3       0       0       0      0      0      0       0    0   0M
       0        1       0       0       0      0      0      0       0    0   0M
       0        0       0       0       0      0      0      0       0    0   0M
       6        0       0       0       0      0      0      0       0    0   0M
      10        0       0       0      19      1      0      0       0    0   0M
       4        0       0       0      34      5      0      0       0    0   0M
       8        0       0       0      44      6      0      0       0    0   0M
      11        0       0       0      33      4      0      0       0    0   0M
      12        0       0       0      56      7      0      0       0    0   0M
       9        0       0       0      57      7      0      0       0    0   0M
      12        0       0       0      30      4      0      0       0    0   0M
      10        0       0       0      42      5      0      0       0    0   0M
      12        0       0       0      16      2      0      0       0    0   0M
      11        0       0       0      42      5      0      0       0    0   0M
      11        0       0       0      55      7      0      0       0    0   0M
      14        0       0       0      60      8      0      0       0    0   0M
      18        0       0       0      50      5      0      0       0    0   0M
      14        0       0       0      56      8      0      0       0    0   0M
      12        0       0       0      55      8      0      0       0    0   0M
       8        0       0       0      54      6      0      0       0    0   0M
      11        0       0       0      45      6      0      0       0    0   0M
      14        0       0       0      43      4      0      0       0    0   0M
      11        0       0       0      19      2      0      0       0    0   0M
      16        0       0       0      57      8      0      0       0    0   0M
       9        0       0       0      55      7      0      0       0    0   0M
      17        0       0       0      56      8      0      0       0    0   0M
      11        0       0       0      55      6      0      0       0    0   0M
      13        0       0       0      55      7      0      0       0    0   0M
       9        0       0       0      28      2      0      0       0    0   0M
       9        0       0       0      16      1      0      0       0    0   0M
      15        0       0       0      16      1      0      0       0    0   0M
       8        0       0       0       5      0      0      0       0    0   0M
      11        0       0       0      13      0      0      0       0    0   0M
       9        0       0       0      53      7      0      0       0    0   0M
       8        0       0       0      23      2      0      0       0    0   0M
      13        0       0       0      23      2      0      0       0    0   0M
      12        0       0       0      33      4      0      0       0    0   0M
       7        0       0       0      44      5      0      0       0    0   0M
      15        0       0       0      52      6      0      0       0    0   0M
      11        0       0       0      60      8      0      0       0    0   0M
      14        0       0       0      42      4      0      0       0    0   0M
      12        0       0       0      27      1      0      0       0    0   0M
      12        0       0       0      44      5      0      0       0    0   0M
      10        0       0       0      44      5      0      0       0    0   0M
      14        0       0       0      37      4      0      0       0    0   0M
       8        0       0       0      51      8      0      0       0    0   0M
       9        0       0       0      39      4      0      0       0    0   0M
      12        0       0       0      23      1      0      0       0    0   0M
       7        0       0       0      21      2      0      0       0    0   0M
      11        0       0       0      56      8      0      0       0    0   0M
       7        0       0       0      26      4      0      0       0    0   0M
       8        0       0       0      21      2      0      0       0    0   0M
      11        0       0       0      15      1      0      0       0    0   0M
      13        0       0       0      34      4      0      0       0    0   0M
      15        0       0       0      37      5      0      0       0    0   0M
       6        0       0       0      34      4      0      0       0    0   0M
      10        0       0       0      44      5      0      0       0    0   0M
      12        0       0       0      56      6      0      0       0    0   0M
      12        0       0       0      26      3      0      0       0    0   0M
      10        0       0       0      56      7      0      0       0    0   0M
      10        0       0       0      59      8      0      0       0    0   0M
      10        0       0       0      54      7      0      0       0    0   0M
       7        0       0       0      37      4      0      0       0    0   0M
      10        0       0       0      58      7      0      0       0    0   0M
      17        0       0       0      58      8      0      0       0    0   0M
       9        0       0       0      60      9      0      0       0    0   0M
       8        0       0       0      58      8      0      0       0    0   0M
      13        0       0       0      56      7      0      0       0    0   0M
      10        0       0       0      58      8      0      0       0    0   0M
       9        0       0       0      55      7      0      0       0    0   0M
      11        0       0       0      25      2      0      0       0    0   0M
      10        0       0       0      30      3      0      0       0    0   0M
      13        0       0       0      13      1      0      0       0    0   0M
      10        0       0       0      40      6      0      0       0    0   0M
      18        0       0       0      34      3      0      0       0    0   0M
       8        0       0       0      27      2      0      0       0    0   0M
      12        0       0       0      50      6      0      0       0    0   0M
       9        0       0       0      46      4      0      0       0    0   0M
       8        0       0       0      37      5      0      0       0    0   0M
       8        0       0       0      13      0      0      0       0    0   0M
      14        0       0       0      37      4      0      0       0    0   0M
       6        0       0       0      46      6      0      0       0    0   0M
      11        0       0       0      54      7      0      0       0    0   0M
      11        0       0       0      59      9      0      0       0    0   0M
       9        0       0       0      33      2      0      0       0    0   0M
      15        0       0       0      45      5      0      0       0    0   0M
      15        0       0       0      39      5      0      0       0    0   0M
      14        0       0       0      50      6      0      0       0    0   0M
      13        0       0       0      57      8      0      0       0    0   0M
      12        0       0       0      19      1      0      0       0    0   0M
       8        0       0       0      60      9      0      0       0    0   0M
      12        0       0       0      58      8      0      0       0    0   0M
      13        0       0       0      54      7      0      0       0    0   0M
      15        0       0       0      28      2      0      0       0    0   0M
      16        0       0       0      42      5      0      0       0    0   0M
      13        0       0       0      34      4      0      0       0    0   0M
      10        0       0       0      54      7      0      0       0    0   0M
      12        0       0       0      28      0      0      0       0    0   0M
      14        0       0       0      21      0      0      0       0    0   0M
      12        0       0       0      44      6      0      0       0    0   0M
      14        0       0       0      30      3      0      0       0    0   0M
      15        0       0       0      57      7      0      0       0    0   0M
