       0        0       0       0       0      0      0      0       0    0   0M
       3        3       0       0       0      0      0      0       0    0   0M
       0        1       0       0       0      0      0      0       0    0   0M
       0        0       0       0       0      0      0      0       0    0   0M
      12        0       0       0       8      0      0      0       0    0   0M
      11        0       0       0      14      0      0      0       0    0   0M
      10        0       0       0      28      3      0      0       0    0   0M
       8        0       0       0      41      5      0      0       0    0   0M
      13        0       0       0      16      1      0      0       0    0   0M
      10        0       0       0      14      2      0      0       0    0   0M
      11        0       0       0      44      4      0      0       0    0   0M
      14        0       0       0      45      5      0      0       0    0   0M
      11        0       0       0      21      2      0      0       0    0   0M
      12        0       0       0      18      2      0      0       0    0   0M
      11        0       0       0       3      0      0      0       0    0   0M
       9        0       0       0      29      3      0      0       0    0   0M
       8        0       0       0      50      6      0      0       0    0   0M
      11        0       0       0      50      6      0      0       0    0   0M
      12        0       0       0      56      8      0      0       0    0   0M
      14        0       0       0      59      8      0      0       0    0   0M
       6        0       0       0      57      7      0      0       0    0   0M
       8        0       0       0      39      5      0      0       0    0   0M
       8        0       0       0      38      4      0      0       0    0   0M
       8        0       0       0      26      3      0      0       0    0   0M
      12        0       0       0      37      2      0      0       0    0   0M
       8        0       0       0      30      4      0      0       0    0   0M
       9        0       0       0      30      3      0      0       0    0   0M
      12        0       0       0      57      7      0      0       0    0   0M
       8        0       0       0      15      2      0      0       0    0   0M
      15        0       0       0      18      0      0      0       0    0   0M
      11        0       0       0      11      1      0      0       0    0   0M
      20        0       0       0      38      5      0      0       0    0   0M
       6        0       0       0      36      5      0      0       0    0   0M
      12        0       0       0      21      1      0      0       0    0   0M
      12        0       0       0      42      4      0      0       0    0   0M
       7        0       0       0      41      6      0      0       0    0   0M
      10        0       0       0      16      0      0      0       0    0   0M
      14        0       0       0      33      4      0      0       0    0   0M
       8        0       0       0      10      0      0      0       0    0   0M
      10        0       0       0      41      5      0      0       0    0   0M
       8        0       0       0      40      4      0      0       0    0   0M
       7        0       0       0      30      4      0      0       0    0   0M
      10        0       0       0       5      0      0      0       0    0   0M
      12        0       0       0      60      7      0      0       0    0   0M
      11        0       0       0      38      4      0      0       0    0   0M
      10        0       0       0      35      4      0      0       0    0   0M
       9        0       0       0      34      4      0      0       0    0   0M
       8        0       0       0      22      3      0      0       0    0   0M
       6        0       0       0      24      3      0      0       0    0   0M
      12        0       0       0      24      3      0      0       0    0   0M
      10        0       0       0      26      3      0      0       0    0   0M
      11        0       0       0      52      7      0      0       0    0   0M
      16        0       0       0      18      1      0      0       0    0   0M
      11        0       0       0       9      0      0      0       0    0   0M
       7        0       0       0      30      4      0      0       0    0   0M
      10        0       0       0      13      0      0      0       0    0   0M
      11        0       0       0      25      3      0      0       0    0   0M
       7        0       0       0       4      0      0      0       0    0   0M
      10        0       0       0      20      1      0      0       0    0   0M
      10        0       0       0      32      2      0      0       0    0   0M
      14        0       0       0      47      4      0      0       0    0   0M
      13        0       0       0      40      5      0      0       0    0   0M
       9        0       0       0       8      0      0      0       0    0   0M
       9        0       0       0      45      5      0      0       0    0   0M
      11        0       0       0      23      1      0      0       0    0   0M
      14        0       0       0      40      4      0      0       0    0   0M
      12        0       0       0      33      3      0      0       0    0   0M
       8        0       0       0      34      4      0      0       0    0   0M
       7        0       0       0      24      3      0      0       0    0   0M
      13        0       0       0      44      5      0      0       0    0   0M
      12        0       0       0      50      6      0      0       0    0   0M
      15        0       0       0      43      5      0      0       0    0   0M
      10        0       0       0       8      0      0      0       0    0   0M
      16        0       0       0      22      1      0      0       0    0   0M
       9        0       0       0      50      8      0      0       0    0   0M
      11        0       0       0      35      3      0      0       0    0   0M
      10        0       0       0      26      3      0      0       0    0   0M
       9        0       0       0      33      2      0      0       0    0   0M
      12        0       0       0      57      8      0      0       0    0   0M
      12        0       0       0      30      3      0      0       0    0   0M
      12        0       0       0      14      2      0      0       0    0   0M
      11        0       0       0       3      0      0      0       0    0   0M
      13        0       0       0      34      3      0      0       0    0   0M
      14        0       0       0      52      6      0      0       0    0   0M
      17        0       0       0      22      2      0      0       0    0   0M
       7        0       0       0      17      1      0      0       0    0   0M
      15        0       0       0      36      4      0      0       0    0   0M
      18        0       0       0      50      5      0      0       0    0   0M
       9        0       0       0      11      0      0      0       0    0   0M
      12        0       0       0      19      0      0      0       0    0   0M
      14        0       0       0      34      5      0      0       0    0   0M
      13        0       0       0      38      5      0      0       0    0   0M
       8        0       0       0      34      4      0      0       0    0   0M
      11        0       0       0      54      7      0      0       0    0   0M
      14        0       0       0      47      4      0      0       0    0   0M
      11        0       0       0      10      0      0      0       0    0   0M
       9        0       0       0      30      3      0      0       0    0   0M
      15        0       0       0      23      1      0      0       0    0   0M
      13        0       0       0      23      3      0      0       0    0   0M
      10        0       0       0      18      1      0      0       0    0   0M
       9        0       0       0      31      3      0      0       0    0   0M
      13        0       0       0      14      1      0      0       0    0   0M
      10        0       0       0      24      2      0      0       0    0   0M
