       0        0       0       0       0      0      0      0       0    0   0M
       3        3       0       0       1      0      0      0       0    0   0M
       0        1       0       0       0      0      0      0       0    0   0M
       0        0       0       0       0      0      0      0       0    0   0M
       3        0       0       0       3      0      0      0       0    0   0M
       9        0       0       0      53      7      0      0       0    0   0M
       8        0       0       0      45      5      0      0       0    0   0M
      10        0       0       0      60      8      0      0       0    0   0M
      10        0       0       0      48      6      0      0       0    0   0M
      15        0       0       0      56      8      0      0       0    0   0M
      12        0       0       0      58      7      0      0       0    0   0M
       9        0       0       0      37      5      0      0       0    0   0M
       7        0       0       0      40      5      0      0       0    0   0M
       7        0       0       0      52      7      0      0       0    0   0M
      13        0       0       0      58      9      0      0       0    0   0M
      18        0       0       0      52      5      0      0       0    0   0M
      12        0       0       0      57      7      0      0       0    0   0M
      13        0       0       0      56      8      0      0       0    0   0M
      11        0       0       0      56      7      0      0       0    0   0M
      14        0       0       0      55      6      0      0       0    0   0M
      10        0       0       0      52      8      0      0       0    0   0M
      12        0       0       0      18      1      0      0       0    0   0M
      10        0       0       0      52      6      0      0       0    0   0M
      15        0       0       0      57      7      0      0       0    0   0M
      11        0       0       0      59      8      0      0       0    0   0M
      10        0       0       0      58      8      0      0       0    0   0M
       8        0       0       0      57      8      0      0       0    0   0M
       7        0       0       0      54      7      0      0       0    0   0M
      11        0       0       0      49      6      0      0       0    0   0M
       8        0       0       0      35      4      0      0       0    0   0M
       8        0       0       0      50      6      0      0       0    0   0M
      18        0       0       0      52      7      0      0       0    0   0M
      11        0       0       0      60      9      0      0       0    0   0M
      10        0       0       0      40      5      0      0       0    0   0M
      16        0       0       0      57      7      0      0       0    0   0M
       5        0       0       0      27      3      0      0       0    0   0M
       7        0       0       0      30      4      0      0       0    0   0M
       7        0       0       0      58      8      0      0       0    0   0M
      11        0       0       0      52      7      0      0       0    0   0M
      10        0       0       0      56      8      0      0       0    0   0M
       6        0       0       0      46      6      0      0       0    0   0M
      12        0       0       0      46      6      0      0       0    0   0M
       9        0       0       0      58      8      0      0       0    0   0M
      14        0       0       0      56      7      0      0       0    0   0M
      12        0       0       0      56      6      0      0       0    0   0M
      10        0       0       0      59      8      0      0       0    0   0M
      18        0       0       0      59      7      0      0       0    0   0M
      10        0       0       0      41      6      0      0       0    0   0M
      11        0       0       0      56      8      0      0       0    0   0M
      13        0       0       0      59      8      0      0       0    0   0M
       8        0       0       0      56      8      0      0       0    0   0M
      12        0       0       0      55      8      0      0       0    0   0M
       8        0       0       0      59      7      0      0       0    0   0M
       6        0       0       0      26      3      0      0       0    0   0M
      10        0       0       0      31      3      0      0       0    0   0M
       9        0       0       0      57      8      0      0       0    0   0M
      13        0       0       0      60      8      0      0       0    0   0M
      12        0       0       0      56      7      0      0       0    0   0M
      11        0       0       0      53      4      0      0       0    0   0M
      16        0       0       0      54      8      0      0       0    0   0M
      15        0       0       0      57      8      0      0       0    0   0M
       9        0       0       0      57      8      0      0       0    0   0M
      13        0       0       0      58      9      0      0       0    0   0M
       8        0       0       0      59      8      0      0       0    0   0M
       9        0       0       0      56      7      0      0       0    0   0M
      14        0       0       0      54      7      0      0       0    0   0M
       8        0       0       0      57      8      0      0       0    0   0M
      10        0       0       0      57      6      0      0       0    0   0M
      16        0       0       0      59      9      0      0       0    0   0M
      13        0       0       0      57      8      0      0       0    0   0M
      13        0       0       0      40      3      0      0       0    0   0M
      13        0       0       0      46      5      0      0       0    0   0M
       9        0       0       0      58      8      0      0       0    0   0M
      10        0       0       0      34      4      0      0       0    0   0M
       8        0       0       0      34      4      0      0       0    0   0M
      17        0       0       0      29      2      0      0       0    0   0M
      12        0       0       0      58      7      0      0       0    0   0M
      12        0       0       0      54      5      0      0       0    0   0M
      12        0       0       0      56      8      0      0       0    0   0M
      13        0       0       0      57      7      0      0       0    0   0M
      11        0       0       0      56      7      0      0       0    0   0M
      17        0       0       0      53      7      0      0       0    0   0M
      10        0       0       0      57      7      0      0       0    0   0M
      13        0       0       0      56      7      0      0       0    0   0M
       8        0       0       0      44      6      0      0       0    0   0M
       9        0       0       0      38      5      0      0       0    0   0M
       9        0       0       0      58      8      0      0       0    0   0M
       9        0       0       0      42      5      0      0       0    0   0M
      11        0       0       0      58      8      0      0       0    0   0M
       6        0       0       0      53      8      0      0       0    0   0M
      10        0       0       0      50      7      0      0       0    0   0M
      12        0       0       0      57      8      0      0       0    0   0M
      12        0       0       0      55      7      0      0       0    0   0M
      10        0       0       0      55      8      0      0       0    0   0M
      10        0       0       0      55      7      0      0       0    0   0M
      13        0       0       0      56      6      0      0       0    0   0M
      13        0       0       0      53      6      0      0       0    0   0M
      10        0       0       0      53      7      0      0       0    0   0M
      12        0       0       0      56      8      0      0       0    0   0M
       8        0       0       0      58      8      0      0       0    0   0M
       8        0       0       0      46      7      0      0       0    0   0M
       8        0       0       0      41      5      0      0       0    0   0M
      11        0       0       0      59      8      0      0       0    0   0M
