       0        0       0       0       0      0      0      0       0    0   0M
       3        3       0       0       0      0      0      0       0    0   0M
       0        0       0       0       0      0      0      0       0    0   0M
       0        0       0       0       0      0      0      0       0    0   0M
       0       14       0       0       0      0      0      0       0    0   0M
       0       32       0       0       0      0      0      0       0    0   0M
       0       29       0       0       0      0      0      0       0    0   0M
       0       26       0       0       0      0      0      0       0    0   0M
       0       28       0       0       0      0      0      0       0    0   0M
       0       38       0       0       0      0      0      0       0    0   0M
       0       29       0       0       0      0      0      0       0    0   0M
       0       26       0       0       0      0      0      0       0    0   0M
       0       26       0       0       0      0      0      0       0    0   0M
       0       30       0       0       0      0      0      0       0    0   0M
       0       18       0       0       0      0      0      0       0    0   0M
       0       27       0       0       0      0      0      0       0    0   0M
       0       33       0       0       0      0      0      0       0    0   0M
       0       29       0       0       0      0      0      0       0    0   0M
       0       20       0       0       0      0      0      0       0    0   0M
       0       28       0       0       0      0      0      0       0    0   0M
       0       28       0       0       0      0      0      0       0    0   0M
       0       29       0       0       0      0      0      0       0    0   0M
       0       32       0       0       0      0      0      0       0    0   0M
       0       30       0       0       0      0      0      0       0    0   0M
       0       25       0       0       0      0      0      0       0    0   0M
       0       35       0       0       0      0      0      0       0    0   0M
       0       26       0       0       0      0      0      0       0    0   0M
       0       27       0       0       0      0      0      0       0    0   0M
       0       32       0       0       0      0      0      0       0    0   0M
       0       29       0       0       0      0      0      0       0    0   0M
       0       28       0       0       0      0      0      0       0    0   0M
       0       29       0       0       0      0      0      0       0    0   0M
       0       31       0       0       0      0      0      0       0    0   0M
       0       29       0       0       0      0      0      0       0    0   0M
       0       30       0       0       0      0      0      0       0    0   0M
       0       31       0       0       0      0      0      0       0    0   0M
       0       30       0       0       0      0      0      0       0    0   0M
       0       20       0       0       0      0      0      0       0    0   0M
       0       26       0       0       0      0      0      0       0    0   0M
       0       31       0       0       0      0      0      0       0    0   0M
       0       30       0       0       0      0      0      0       0    0   0M
       0       33       0       0       0      0      0      0       0    0   0M
       0       33       0       0       0      0      0      0       0    0   0M
       0       21       0       0       0      0      0      0       0    0   0M
       0       28       0       0       0      0      0      0       0    0   0M
       0       26       0       0       0      0      0      0       0    0   0M
       0       25       0       0       0      0      0      0       0    0   0M
       0       27       0       0       0      0      0      0       0    0   0M
       0       25       0       0       0      0      0      0       0    0   0M
       0       31       0       0       0      0      0      0       0    0   0M
       0       35       0       0       0      0      0      0       0    0   0M
       0       31       0       0       0      0      0      0       0    0   0M
       0       33       0       0       0      0      0      0       0    0   0M
       0       27       0       0       0      0      0      0       0    0   0M
       0       30       0       0       0      0      0      0       0    0   0M
       0       31       0       0       0      0      0      0       0    0   0M
       0       29       0       0       0      0      0      0       0    0   0M
       0       26       0       0       0      0      0      0       0    0   0M
       0       22       0       0       0      0      0      0       0    0   0M
       0       30       0       0       0      0      0      0       0    0   0M
       0       30       0       0       0      0      0      0       0    0   0M
       0       34       0       0       0      0      0      0       0    0   0M
       0       26       0       0       0      0      0      0       0    0   0M
       0       28       0       0       0      0      0      0       0    0   0M
       0       29       0       0       0      0      0      0       0    0   0M
       0       30       0       0       0      0      0      0       0    0   0M
       0       38       0       0       0      0      0      0       0    0   0M
       0       31       0       0       0      0      0      0       0    0   0M
       0       30       0       0       0      0      0      0       0    0   0M
       0       30       0       0       0      0      0      0       0    0   0M
       0       35       0       0       0      0      0      0       0    0   0M
       0       23       0       0       0      0      0      0       0    0   0M
       0       30       0       0       0      0      0      0       0    0   0M
       0       27       0       0       0      0      0      0       0    0   0M
       0       33       0       0       0      0      0      0       0    0   0M
       0       24       0       0       0      0      0      0       0    0   0M
       0       28       0       0       0      0      0      0       0    0   0M
       0       34       0       0       0      0      0      0       0    0   0M
       0       29       0       0       0      0      0      0       0    0   0M
       0       26       0       0       0      0      0      0       0    0   0M
       0       26       0       0       0      0      0      0       0    0   0M
       0       26       0       0       0      0      0      0       0    0   0M
       0       29       0       0       0      0      0      0       0    0   0M
       0       33       0       0       0      0      0      0       0    0   0M
       0       30       0       0       0      0      0      0       0    0   0M
       0       29       0       0       0      0      0      0       0    0   0M
       0       31       0       0       0      0      0      0       0    0   0M
       0       31       0       0       0      0      0      0       0    0   0M
       0       29       0       0       0      0      0      0       0    0   0M
       0       30       0       0       0      0      0      0       0    0   0M
       0       30       0       0       0      0      0      0       0    0   0M
       0       35       0       0       0      0      0      0       0    0   0M
       0       32       0       0       0      0      0      0       0    0   0M
       0       30       0       0       0      0      0      0       0    0   0M
       0       29       0       0       0      0      0      0       0    0   0M
       0       28       0       0       0      0      0      0       0    0   0M
       0       25       0       0       0      0      0      0       0    0   0M
       0       36       0       0       0      0      0      0       0    0   0M
       0       27       0       0       0      0      0      0       0    0   0M
       0       23       0       0       0      0      0      0       0    0   0M
       0       24       0       0       0      0      0      0       0    0   0M
       0       24       0       0       0      0      0      0       0    0   0M
       0       27       0       0       0      0      0      0       0    0   0M
