       0        0       0       0       0      0      0      0       0    0   0M
       3        3       0       0       0      0      0      0       0    0   0M
       0        0       0       0       0      0      0      0       0    0   0M
       0        0       0       0       0      0      0      0       0    0   0M
       0       16       0       0       0      0      0      0       0    0   0M
       0       30       0       0       0      0      0      0       0    0   0M
       0       44       0       0       0      0      0      0       0    0   0M
       0       30       0       0       0      0      0      0       0    0   0M
       0       43       0       0       0      0      0      0       0    0   0M
       0       33       0       0       0      0      0      0       0    0   0M
       0       40       0       0       0      0      0      0       0    0   0M
       0       37       0       0       0      0      0      0       0    0   0M
       0       40       0       0       0      0      0      0       0    0   0M
       0       37       0       0       0      0      0      0       0    0   0M
       0       46       0       0       0      0      0      0       0    0   0M
       0       43       0       0       0      0      0      0       0    0   0M
       0       32       0       0       0      0      0      0       0    0   0M
       0       32       0       0       0      0      0      0       0    0   0M
       0       46       0       0       0      0      0      0       0    0   0M
       0       45       0       0       0      0      0      0       0    0   0M
       0       41       0       0       0      0      0      0       0    0   0M
       0       41       0       0       0      0      0      0       0    0   0M
       0       41       0       0       0      0      0      0       0    0   0M
       0       39       0       0       0      0      0      0       0    0   0M
       0       31       0       0       0      0      0      0       0    0   0M
       0       39       0       0       0      0      0      0       0    0   0M
       0       46       0       0       0      0      0      0       0    0   0M
       0       34       0       0       0      0      0      0       0    0   0M
       0       43       0       0       0      0      0      0       0    0   0M
       0       39       0       0       0      0      0      0       0    0   0M
       0       40       0       0       0      0      0      0       0    0   0M
       0       34       0       0       0      0      0      0       0    0   0M
       0       38       0       0       0      0      0      0       0    0   0M
       0       36       0       0       0      0      0      0       0    0   0M
       0       42       0       0       0      0      0      0       0    0   0M
       0       44       0       0       0      0      0      0       0    0   0M
       0       38       0       0       0      0      0      0       0    0   0M
       0       39       0       0       0      0      0      0       0    0   0M
       0       37       0       0       0      0      0      0       0    0   0M
       0       35       0       0       0      0      0      0       0    0   0M
       0       37       0       0       0      0      0      0       0    0   0M
       0       37       0       0       0      0      0      0       0    0   0M
       0       43       0       0       0      0      0      0       0    0   0M
       0       34       0       0       0      0      0      0       0    0   0M
       0       39       0       0       0      0      0      0       0    0   0M
       0       40       0       0       0      0      0      0       0    0   0M
       0       34       0       0       0      0      0      0       0    0   0M
       0       42       0       0       0      0      0      0       0    0   0M
       0       40       0       0       0      0      0      0       0    0   0M
       0       39       0       0       0      0      0      0       0    0   0M
       0       39       0       0       0      0      0      0       0    0   0M
       0       39       0       0       0      0      0      0       0    0   0M
       0       38       0       0       0      0      0      0       0    0   0M
       0       40       0       0       0      0      0      0       0    0   0M
       0       41       0       0       0      0      0      0       0    0   0M
       0       40       0       0       0      0      0      0       0    0   0M
       0       39       0       0       0      0      0      0       0    0   0M
       0       39       0       0       0      0      0      0       0    0   0M
       0       37       0       0       0      0      0      0       0    0   0M
       0       36       0       0       0      0      0      0       0    0   0M
       0       46       0       0       0      0      0      0       0    0   0M
       0       36       0       0       0      0      0      0       0    0   0M
       0       42       0       0       0      0      0      0       0    0   0M
       0       36       0       0       0      0      0      0       0    0   0M
       0       42       0       0       0      0      0      0       0    0   0M
       0       39       0       0       0      0      0      0       0    0   0M
       0       39       0       0       0      0      0      0       0    0   0M
       0       36       0       0       0      0      0      0       0    0   0M
       0       40       0       0       0      0      0      0       0    0   0M
       0       41       0       0       0      0      0      0       0    0   0M
       0       39       0       0       0      0      0      0       0    0   0M
       0       34       0       0       0      0      0      0       0    0   0M
       0       40       0       0       0      0      0      0       0    0   0M
       0       41       0       0       0      0      0      0       0    0   0M
       0       43       0       0       0      0      0      0       0    0   0M
       0       35       0       0       0      0      0      0       0    0   0M
       0       40       0       0       0      0      0      0       0    0   0M
       0       40       0       0       0      0      0      0       0    0   0M
       0       35       0       0       0      0      0      0       0    0   0M
       0       40       0       0       0      0      0      0       0    0   0M
       0       40       0       0       0      0      0      0       0    0   0M
       0       41       0       0       0      0      0      0       0    0   0M
       0       38       0       0       0      0      0      0       0    0   0M
       0       38       0       0       0      0      0      0       0    0   0M
       0       37       0       0       0      0      0      0       0    0   0M
       0       41       0       0       0      0      0      0       0    0   0M
       0       37       0       0       0      0      0      0       0    0   0M
       0       35       0       0       0      0      0      0       0    0   0M
       0       36       0       0       0      0      0      0       0    0   0M
       0       40       0       0       0      0      0      0       0    0   0M
       0       39       0       0       0      0      0      0       0    0   0M
       0       39       0       0       0      0      0      0       0    0   0M
       0       36       0       0       0      0      0      0       0    0   0M
       0       35       0       0       0      0      0      0       0    0   0M
       0       37       0       0       0      0      0      0       0    0   0M
       0       37       0       0       0      0      0      0       0    0   0M
       0       36       0       0       0      0      0      0       0    0   0M
       0       36       0       0       0      0      0      0       0    0   0M
       0       33       0       0       0      0      0      0       0    0   0M
       0       41       0       0       0      0      0      0       0    0   0M
       0       36       0       0       0      0      0      0       0    0   0M
       0       38       0       0       0      0      0      0       0    0   0M
       0       44       0       0       0      0      0      0       0    0   0M
