       0        0       0       0       0      0      0      0       0    0   0M
       1        1       0       0       0      0      0      0       0    0   0M
       3        3       0       0       0      0      1      0       0    0   0M
       0        0       0       0       0      0      0      0       0    0   0M
       2        0       0       0       7      1      0      0       0    0   0M
      11        0       0       0      20      1      0      0       0    0   0M
      19        0       0       0      50      4      0      0       0    0   0M
      10        0       0       0      30      1      0      0       0    0   0M
      14        0       0       0      49      2      0      0       0    0   0M
       8        0       0       0      21      1      0      0       0    0   0M
      10        0       0       0      33      3      0      0       0    0   0M
       9        0       0       0      30      2      0      0       0    0   0M
      10        0       0       0      35      3      0      0       0    0   0M
      10        0       0       0      32      2      0      0       0    0   0M
       6        0       0       0      30      4      0      0       0    0   0M
      11        0       0       0      48      5      0      0       0    0   0M
      12        0       0       0      30      0      0      0       0    0   0M
      10        0       0       0      30      1      0      0       0    0   0M
       5        0       0       0      25      1      0      0       0    0   0M
       6        0       0       0      28      4      0      0       0    0   0M
       9        0       0       0      27      1      0      0       0    0   0M
      14        0       0       0      39      5      0      0       0    0   0M
       7        0       0       0      34      3      0      0       0    0   0M
      11        0       0       0      33      2      0      0       0    0   0M
      14        0       0       0      19      1      0      0       0    0   0M
      10        0       0       0      35      2      0      0       0    0   0M
      10        0       0       0      49      4      0      0       0    0   0M
      10        0       0       0      24      1      0      0       0    0   0M
       8        0       0       0      34      4      0      0       0    0   0M
       9        0       0       0      25      2      0      0       0    0   0M
       8        0       0       0      32      4      0      0       0    0   0M
       8        0       0       0      21      3      0      0       0    0   0M
      15        0       0       0      24      0      0      0       0    0   0M
      11        0       0       0      30      1      0      0       0    0   0M
       9        0       0       0      35      4      0      0       0    0   0M
      14        0       0       0      49      5      0      0       0    0   0M
      12        0       0       0      37      4      0      0       0    0   0M
      16        0       0       0      52      4      0      0       0    0   0M
      13        0       0       0      43      2      0      0       0    0   0M
      13        0       0       0      31      2      0      0       0    0   0M
       7        0       0       0      28      2      0      0       0    0   0M
      14        0       0       0      32      2      0      0       0    0   0M
      19        0       0       0      47      3      0      0       0    0   0M
       6        0       0       0      25      3      0      0       0    0   0M
      12        0       0       0      25      1      0      0       0    0   0M
      10        0       0       0      34      4      0      0       0    0   0M
      11        0       0       0      27      2      0      0       0    0   0M
      11        0       0       0      38      3      0      0       0    0   0M
      11        0       0       0      41      4      0      0       0    0   0M
       9        0       0       0      27      2      0      0       0    0   0M
      18        0       0       0      48      3      0      0       0    0   0M
      10        0       0       0      44      4      0      0       0    0   0M
      12        0       0       0      38      2      0      0       0    0   0M
      10        0       0       0      46      3      0      0       0    0   0M
       9        0       0       0      40      3      0      0       0    0   0M
      11        0       0       0      35      1      0      0       0    0   0M
      10        0       0       0      27      1      0      0       0    0   0M
       4        0       0       0      11      1      0      0       0    0   0M
      11        0       0       0      20      0      0      0       0    0   0M
       8        0       0       0      40      3      0      0       0    0   0M
      12        0       0       0      47      3      0      0       0    0   0M
      12        0       0       0      51      3      0      0       0    0   0M
       6        0       0       0      26      1      0      0       0    0   0M
       7        0       0       0      19      1      0      0       0    0   0M
      10        0       0       0      40      1      0      0       0    0   0M
      12        0       0       0      38      4      0      0       0    0   0M
      13        0       0       0      39      2      0      0       0    0   0M
       6        0       0       0      20      0      0      0       0    0   0M
       5        0       0       0      20      1      0      0       0    0   0M
       8        0       0       0      30      1      0      0       0    0   0M
      11        0       0       0      34      1      0      0       0    0   0M
      10        0       0       0      26      1      0      0       0    0   0M
      11        0       0       0      34      2      0      0       0    0   0M
      12        0       0       0      48      5      0      0       0    0   0M
       8        0       0       0      28      2      0      0       0    0   0M
      10        0       0       0      21      0      0      0       0    0   0M
      13        0       0       0      46      4      0      0       0    0   0M
      11        0       0       0      25      1      0      0       0    0   0M
      13        0       0       0      28      1      0      0       0    0   0M
      12        0       0       0      42      2      0      0       0    0   0M
      11        0       0       0      22      2      0      0       0    0   0M
      12        0       0       0      46      3      0      0       0    0   0M
       8        0       0       0      29      2      0      0       0    0   0M
       9        0       0       0      31      2      0      0       0    0   0M
       9        0       0       0      25      1      0      0       0    0   0M
      13        0       0       0      43      4      0      0       0    0   0M
       7        0       0       0      24      1      0      0       0    0   0M
       7        0       0       0      19      1      0      0       0    0   0M
      11        0       0       0      32      2      0      0       0    0   0M
       9        0       0       0      38      3      0      0       0    0   0M
       7        0       0       0      27      2      0      0       0    0   0M
       6        0       0       0      12      2      0      0       0    0   0M
      12        0       0       0      43      5      0      0       0    0   0M
       5        0       0       0      13      0      0      0       0    0   0M
      16        0       0       0      37      3      0      0       0    0   0M
      12        0       0       0      35      2      0      0       0    0   0M
      10        0       0       0      28      2      0      0       0    0   0M
      10        0       0       0      26      2      0      0       0    0   0M
       8        0       0       0      24      2      0      0       0    0   0M
       8        0       0       0      26      3      0      0       0    0   0M
      10        0       0       0      34      1      0      0       0    0   0M
      16        0       0       0      47      3      0      0       0    0   0M
      10        0       0       0      52      6      0      0       0    0   0M
